# x y z surface topography
29375 25000 400000 -164.8103978
88125 25000 400000 -164.8104074
146875 25000 400000 -164.8103752
205625 25000 400000 -164.8104085
264375 25000 400000 -164.8104182
323125 25000 400000 -164.8103942
381875 25000 400000 -164.8103921
440625 25000 400000 -164.8104182
499375 25000 400000 -164.8103993
558125 25000 400000 -164.8104096
616875 25000 400000 -164.8104014
675625 25000 400000 -164.8103969
734375 25000 400000 -164.810416
793125 25000 400000 -164.8104004
851875 25000 400000 -164.8104049
910625 25000 400000 -164.8104298
29375 75000 400000 -164.8103961
88125 75000 400000 -164.8104166
146875 75000 400000 -164.8103691
205625 75000 400000 -164.8103997
264375 75000 400000 -164.8104082
323125 75000 400000 -164.8104052
381875 75000 400000 -164.810413
440625 75000 400000 -164.8103988
499375 75000 400000 -164.8104055
558125 75000 400000 -164.8104088
616875 75000 400000 -164.8103802
675625 75000 400000 -164.810409
734375 75000 400000 -164.8104326
793125 75000 400000 -164.8103851
851875 75000 400000 -164.8104235
910625 75000 400000 -164.810425
29375 125000 400000 -164.8104118
88125 125000 400000 -164.8104015
146875 125000 400000 -164.8103869
205625 125000 400000 -164.8104036
264375 125000 400000 -164.8104415
323125 125000 400000 -164.8104031
381875 125000 400000 -164.8104148
440625 125000 400000 -164.8103911
499375 125000 400000 -164.810407
558125 125000 400000 -164.8104111
616875 125000 400000 -164.8104078
675625 125000 400000 -164.810401
734375 125000 400000 -164.8104065
793125 125000 400000 -164.8104173
851875 125000 400000 -164.8104073
910625 125000 400000 -164.8104194
29375 175000 400000 -164.8103996
88125 175000 400000 -164.8104053
146875 175000 400000 -164.8103905
205625 175000 400000 -164.8104011
264375 175000 400000 -164.8104146
323125 175000 400000 -164.8103825
381875 175000 400000 -164.8104262
440625 175000 400000 -164.8104028
499375 175000 400000 -164.8104059
558125 175000 400000 -164.8104171
616875 175000 400000 -164.8104076
675625 175000 400000 -164.8103924
734375 175000 400000 -164.8104175
793125 175000 400000 -164.8104306
851875 175000 400000 -164.8104054
910625 175000 400000 -164.8104139
29375 225000 400000 -164.8104028
88125 225000 400000 -164.8104131
146875 225000 400000 -164.8104016
205625 225000 400000 -164.8103963
264375 225000 400000 -164.8103914
323125 225000 400000 -164.8103536
381875 225000 400000 -164.8104013
440625 225000 400000 -164.810423
499375 225000 400000 -164.8104076
558125 225000 400000 -164.8103988
616875 225000 400000 -164.8103969
675625 225000 400000 -164.8103945
734375 225000 400000 -164.8103936
793125 225000 400000 -164.8104228
851875 225000 400000 -164.8103912
910625 225000 400000 -164.8104149
29375 275000 400000 -164.8103923
88125 275000 400000 -164.8104064
146875 275000 400000 -164.8104111
205625 275000 400000 -164.810405
264375 275000 400000 -164.8104048
323125 275000 400000 -164.8103976
381875 275000 400000 -164.8104278
440625 275000 400000 -164.8103852
499375 275000 400000 -164.8103984
558125 275000 400000 -164.8104081
616875 275000 400000 -164.8104245
675625 275000 400000 -164.8103972
734375 275000 400000 -164.810413
793125 275000 400000 -164.8104061
851875 275000 400000 -164.8104108
910625 275000 400000 -164.8104258
29375 325000 400000 -164.8104085
88125 325000 400000 -164.8104036
146875 325000 400000 -164.8103977
205625 325000 400000 -164.8104028
264375 325000 400000 -164.8104039
323125 325000 400000 -164.8103887
381875 325000 400000 -164.810427
440625 325000 400000 -164.8104156
499375 325000 400000 -164.8104101
558125 325000 400000 -164.8103843
616875 325000 400000 -164.8104088
675625 325000 400000 -164.8103909
734375 325000 400000 -164.8104233
793125 325000 400000 -164.8103993
851875 325000 400000 -164.810409
910625 325000 400000 -164.8104323
29375 375000 400000 -164.8104085
88125 375000 400000 -164.810401
146875 375000 400000 -164.8103969
205625 375000 400000 -164.8104042
264375 375000 400000 -164.8104257
323125 375000 400000 -164.8103929
381875 375000 400000 -164.8104179
440625 375000 400000 -164.8103836
499375 375000 400000 -164.8104225
558125 375000 400000 -164.8103787
616875 375000 400000 -164.8104211
675625 375000 400000 -164.8104186
734375 375000 400000 -164.8104496
793125 375000 400000 -164.8103974
851875 375000 400000 -164.8104275
910625 375000 400000 -164.8104285
29375 425000 400000 -164.8104085
88125 425000 400000 -164.8103883
146875 425000 400000 -164.8103959
205625 425000 400000 -164.8104176
264375 425000 400000 -164.8103695
323125 425000 400000 -164.8103909
381875 425000 400000 -164.8104014
440625 425000 400000 -164.8103878
499375 425000 400000 -164.8104382
558125 425000 400000 -164.8104011
616875 425000 400000 -164.8104221
675625 425000 400000 -164.8104086
734375 425000 400000 -164.8103981
793125 425000 400000 -164.8103964
851875 425000 400000 -164.8104525
910625 425000 400000 -164.810404
29375 475000 400000 -164.810408
88125 475000 400000 -164.8103918
146875 475000 400000 -164.8104038
205625 475000 400000 -164.8104388
264375 475000 400000 -164.8103888
323125 475000 400000 -164.8104053
381875 475000 400000 -164.810417
440625 475000 400000 -164.8103883
499375 475000 400000 -164.8103987
558125 475000 400000 -164.8104176
616875 475000 400000 -164.8104222
675625 475000 400000 -164.8104428
734375 475000 400000 -164.8104094
793125 475000 400000 -164.8104336
851875 475000 400000 -164.8104307
910625 475000 400000 -164.810397
29375 525000 400000 -164.8104069
88125 525000 400000 -164.8104009
146875 525000 400000 -164.8104151
205625 525000 400000 -164.8104227
264375 525000 400000 -164.8104133
323125 525000 400000 -164.8104031
381875 525000 400000 -164.8104151
440625 525000 400000 -164.8103915
499375 525000 400000 -164.8104035
558125 525000 400000 -164.8104244
616875 525000 400000 -164.8104141
675625 525000 400000 -164.8104141
734375 525000 400000 -164.8103954
793125 525000 400000 -164.8104224
851875 525000 400000 -164.8104185
910625 525000 400000 -164.8104232
29375 575000 400000 -164.8104105
88125 575000 400000 -164.8103914
146875 575000 400000 -164.8104163
205625 575000 400000 -164.8104179
264375 575000 400000 -164.8104167
323125 575000 400000 -164.8104004
381875 575000 400000 -164.8104099
440625 575000 400000 -164.8104137
499375 575000 400000 -164.8104335
558125 575000 400000 -164.8104392
616875 575000 400000 -164.8104159
675625 575000 400000 -164.8103996
734375 575000 400000 -164.8103809
793125 575000 400000 -164.8104115
851875 575000 400000 -164.8104306
910625 575000 400000 -164.8089656
29375 625000 400000 -164.8104047
88125 625000 400000 -164.8103985
146875 625000 400000 -164.8104128
205625 625000 400000 -164.810434
264375 625000 400000 -164.810409
323125 625000 400000 -164.8104059
381875 625000 400000 -164.8104249
440625 625000 400000 -164.8104225
499375 625000 400000 -164.8103907
558125 625000 400000 -164.8104182
616875 625000 400000 -164.8104366
675625 625000 400000 -164.8104002
734375 625000 400000 -164.8103849
793125 625000 400000 -164.8104487
851875 625000 400000 -164.8021576
910625 625000 400000 -163.862251
29375 675000 400000 -164.8104078
88125 675000 400000 -164.8103863
146875 675000 400000 -164.8104133
205625 675000 400000 -164.81042
264375 675000 400000 -164.8104077
323125 675000 400000 -164.8103825
381875 675000 400000 -164.8104326
440625 675000 400000 -164.8104048
499375 675000 400000 -164.8103952
558125 675000 400000 -164.8104304
616875 675000 400000 -164.8104132
675625 675000 400000 -164.8104255
734375 675000 400000 -164.8103927
793125 675000 400000 -164.8071115
851875 675000 400000 -163.7960376
910625 675000 400000 -166.5089118
29375 725000 400000 -164.8103949
88125 725000 400000 -164.8104049
146875 725000 400000 -164.8103782
205625 725000 400000 -164.8104107
264375 725000 400000 -164.8104224
323125 725000 400000 -164.8104131
381875 725000 400000 -164.8104301
440625 725000 400000 -164.8104261
499375 725000 400000 -164.8103818
558125 725000 400000 -164.8103936
616875 725000 400000 -164.810406
675625 725000 400000 -164.8103962
734375 725000 400000 -164.8104073
793125 725000 400000 -164.265321
851875 725000 400000 -164.6977945
910625 725000 400000 -215.4657955
29375 775000 400000 -164.8103965
88125 775000 400000 -164.8104053
146875 775000 400000 -164.8103688
205625 775000 400000 -164.8104135
264375 775000 400000 -164.8104196
323125 775000 400000 -164.810386
381875 775000 400000 -164.8104148
440625 775000 400000 -164.8104079
499375 775000 400000 -164.8103958
558125 775000 400000 -164.8103762
616875 775000 400000 -164.8104232
675625 775000 400000 -164.8103975
734375 775000 400000 -164.7660182
793125 775000 400000 -161.8971573
851875 775000 400000 -194.7887869
910625 775000 400000 -286.8905981
969375 25000 400000 -164.810409
1028125 25000 400000 -164.8104081
1086875 25000 400000 -164.8104091
1145625 25000 400000 -164.810424
1204375 25000 400000 -164.8104159
1263125 25000 400000 -164.8104084
1321875 25000 400000 -164.8104309
1380625 25000 400000 -164.8104145
1439375 25000 400000 -164.8104021
1498125 25000 400000 -164.8104141
1556875 25000 400000 -164.8104084
1615625 25000 400000 -164.8104065
1674375 25000 400000 -164.8104127
1733125 25000 400000 -164.81041
1791875 25000 400000 -164.8104084
1850625 25000 400000 -164.8104004
969375 75000 400000 -164.8104117
1028125 75000 400000 -164.8104066
1086875 75000 400000 -164.8103993
1145625 75000 400000 -164.8104084
1204375 75000 400000 -164.8104168
1263125 75000 400000 -164.8103994
1321875 75000 400000 -164.8104288
1380625 75000 400000 -164.8104138
1439375 75000 400000 -164.8104012
1498125 75000 400000 -164.8104158
1556875 75000 400000 -164.8104066
1615625 75000 400000 -164.8104059
1674375 75000 400000 -164.8104063
1733125 75000 400000 -164.8104057
1791875 75000 400000 -164.810408
1850625 75000 400000 -164.8104035
969375 125000 400000 -164.8104125
1028125 125000 400000 -164.8104125
1086875 125000 400000 -164.8104084
1145625 125000 400000 -164.8104046
1204375 125000 400000 -164.8104121
1263125 125000 400000 -164.8104208
1321875 125000 400000 -164.810407
1380625 125000 400000 -164.8104021
1439375 125000 400000 -164.8103913
1498125 125000 400000 -164.8104193
1556875 125000 400000 -164.8104045
1615625 125000 400000 -164.8104108
1674375 125000 400000 -164.810415
1733125 125000 400000 -164.8104163
1791875 125000 400000 -164.8104115
1850625 125000 400000 -164.8104112
969375 175000 400000 -164.8104057
1028125 175000 400000 -164.8104087
1086875 175000 400000 -164.8104067
1145625 175000 400000 -164.8104024
1204375 175000 400000 -164.8104017
1263125 175000 400000 -164.8104146
1321875 175000 400000 -164.8104041
1380625 175000 400000 -164.8103918
1439375 175000 400000 -164.810404
1498125 175000 400000 -164.8104198
1556875 175000 400000 -164.810401
1615625 175000 400000 -164.8104026
1674375 175000 400000 -164.8104122
1733125 175000 400000 -164.8104051
1791875 175000 400000 -164.8104033
1850625 175000 400000 -164.8104012
969375 225000 400000 -164.8104009
1028125 225000 400000 -164.81041
1086875 225000 400000 -164.8104109
1145625 225000 400000 -164.8104098
1204375 225000 400000 -164.81039
1263125 225000 400000 -164.8104147
1321875 225000 400000 -164.8104013
1380625 225000 400000 -164.8103937
1439375 225000 400000 -164.8104038
1498125 225000 400000 -164.8104134
1556875 225000 400000 -164.8104025
1615625 225000 400000 -164.8103999
1674375 225000 400000 -164.8104011
1733125 225000 400000 -164.8104097
1791875 225000 400000 -164.8104038
1850625 225000 400000 -164.8103953
969375 275000 400000 -164.8104064
1028125 275000 400000 -164.8104039
1086875 275000 400000 -164.8104076
1145625 275000 400000 -164.8104118
1204375 275000 400000 -164.8104056
1263125 275000 400000 -164.8104038
1321875 275000 400000 -164.8104138
1380625 275000 400000 -164.810406
1439375 275000 400000 -164.8103985
1498125 275000 400000 -164.8104047
1556875 275000 400000 -164.8104001
1615625 275000 400000 -164.81042
1674375 275000 400000 -164.8104075
1733125 275000 400000 -164.8104018
1791875 275000 400000 -164.8103878
1850625 275000 400000 -164.8104054
969375 325000 400000 -164.8104089
1028125 325000 400000 -164.8104067
1086875 325000 400000 -164.8104041
1145625 325000 400000 -164.8104097
1204375 325000 400000 -164.8104026
1263125 325000 400000 -164.8103974
1321875 325000 400000 -164.8104156
1380625 325000 400000 -164.8104113
1439375 325000 400000 -164.8103956
1498125 325000 400000 -164.8104053
1556875 325000 400000 -164.8104018
1615625 325000 400000 -164.8104066
1674375 325000 400000 -164.8104054
1733125 325000 400000 -164.8103948
1791875 325000 400000 -164.8104108
1850625 325000 400000 -164.8104026
969375 375000 400000 -164.8104137
1028125 375000 400000 -164.8104098
1086875 375000 400000 -164.8104042
1145625 375000 400000 -164.8104139
1204375 375000 400000 -164.8104114
1263125 375000 400000 -164.8104058
1321875 375000 400000 -164.8104112
1380625 375000 400000 -164.8104043
1439375 375000 400000 -164.8104133
1498125 375000 400000 -164.8104076
1556875 375000 400000 -164.8104041
1615625 375000 400000 -164.8104075
1674375 375000 400000 -164.8103994
1733125 375000 400000 -164.8104043
1791875 375000 400000 -164.8104025
1850625 375000 400000 -164.8103919
969375 425000 400000 -164.8104036
1028125 425000 400000 -164.8104021
1086875 425000 400000 -164.8103878
1145625 425000 400000 -164.8103989
1204375 425000 400000 -164.8103964
1263125 425000 400000 -164.8104073
1321875 425000 400000 -164.8104122
1380625 425000 400000 -164.8104025
1439375 425000 400000 -164.8103765
1498125 425000 400000 -164.8104072
1556875 425000 400000 -164.8104055
1615625 425000 400000 -164.8104048
1674375 425000 400000 -164.810392
1733125 425000 400000 -164.8104202
1791875 425000 400000 -164.8104094
1850625 425000 400000 -164.810402
969375 475000 400000 -164.8104027
1028125 475000 400000 -164.810411
1086875 475000 400000 -164.810404
1145625 475000 400000 -164.8104079
1204375 475000 400000 -164.8104043
1263125 475000 400000 -164.8104075
1321875 475000 400000 -164.8104151
1380625 475000 400000 -164.8103926
1439375 475000 400000 -164.810384
1498125 475000 400000 -164.8104113
1556875 475000 400000 -164.810409
1615625 475000 400000 -164.810407
1674375 475000 400000 -164.8104068
1733125 475000 400000 -164.8104132
1791875 475000 400000 -164.8104089
1850625 475000 400000 -164.8104058
969375 525000 400000 -164.8104142
1028125 525000 400000 -164.8101249
1086875 525000 400000 -164.7559239
1145625 525000 400000 -164.4089752
1204375 525000 400000 -164.4095838
1263125 525000 400000 -164.7563018
1321875 525000 400000 -164.8101379
1380625 525000 400000 -164.8103982
1439375 525000 400000 -164.8104047
1498125 525000 400000 -164.8104218
1556875 525000 400000 -164.8104125
1615625 525000 400000 -164.8104199
1674375 525000 400000 -164.8104102
1733125 525000 400000 -164.8103973
1791875 525000 400000 -164.8103928
1850625 525000 400000 -164.8104096
969375 575000 400000 -164.5246699
1028125 575000 400000 -162.5266076
1086875 575000 400000 -162.2959842
1145625 575000 400000 -164.795027
1204375 575000 400000 -164.7907475
1263125 575000 400000 -162.2928684
1321875 575000 400000 -162.5314611
1380625 575000 400000 -164.5257945
1439375 575000 400000 -164.8089607
1498125 575000 400000 -164.8104326
1556875 575000 400000 -164.8104031
1615625 575000 400000 -164.8104068
1674375 575000 400000 -164.8104196
1733125 575000 400000 -164.8103891
1791875 575000 400000 -164.8104012
1850625 575000 400000 -164.8104003
969375 625000 400000 -163.3144777
1028125 625000 400000 -180.4658995
1086875 625000 400000 -208.5583109
1145625 625000 400000 -225.8610399
1204375 625000 400000 -225.8388646
1263125 625000 400000 -208.504348
1321875 625000 400000 -180.4078598
1380625 625000 400000 -163.303222
1439375 625000 400000 -163.8643486
1498125 625000 400000 -164.8022167
1556875 625000 400000 -164.8104021
1615625 625000 400000 -164.8104045
1674375 625000 400000 -164.8104058
1733125 625000 400000 -164.8103992
1791875 625000 400000 -164.8104073
1850625 625000 400000 -164.8104051
969375 675000 400000 -208.6141273
1028125 675000 400000 -265.0379373
1086875 675000 400000 -302.7344467
1145625 675000 400000 -320.8432135
1204375 675000 400000 -320.8174195
1263125 675000 400000 -302.6615063
1321875 675000 400000 -264.9358177
1380625 675000 400000 -208.5241473
1439375 675000 400000 -166.4845449
1498125 675000 400000 -163.7981017
1556875 675000 400000 -164.8071062
1615625 675000 400000 -164.8104071
1674375 675000 400000 -164.8103968
1733125 675000 400000 -164.8103992
1791875 675000 400000 -164.8104116
1850625 675000 400000 -164.8104058
969375 725000 400000 -292.4591995
1028125 725000 400000 -346.9689922
1086875 725000 400000 -376.7286274
1145625 725000 400000 -387.287394
1204375 725000 400000 -387.2764654
1263125 725000 400000 -376.6772155
1321875 725000 400000 -346.8685291
1380625 725000 400000 -292.3521898
1439375 725000 400000 -215.3991727
1498125 725000 400000 -164.6901448
1556875 725000 400000 -164.2658335
1615625 725000 400000 -164.8104203
1674375 725000 400000 -164.81041
1733125 725000 400000 -164.8104036
1791875 725000 400000 -164.8104212
1850625 725000 400000 -164.8104025
969375 775000 400000 -359.2500309
1028125 775000 400000 -395.3466543
1086875 775000 400000 -395.9655557
1145625 775000 400000 -384.1431552
1204375 775000 400000 -384.1957964
1263125 775000 400000 -396.0340738
1321875 775000 400000 -395.3211213
1380625 775000 400000 -359.1631631
1439375 775000 400000 -286.835822
1498125 775000 400000 -194.7938512
1556875 775000 400000 -161.900601
1615625 775000 400000 -164.765796
1674375 775000 400000 -164.8104101
1733125 775000 400000 -164.8104006
1791875 775000 400000 -164.8104161
1850625 775000 400000 -164.8103991
29375 825000 400000 -164.8104067
88125 825000 400000 -164.8103935
146875 825000 400000 -164.8104068
205625 825000 400000 -164.8104155
264375 825000 400000 -164.8104118
323125 825000 400000 -164.8103877
381875 825000 400000 -164.8104071
440625 825000 400000 -164.810402
499375 825000 400000 -164.8103916
558125 825000 400000 -164.8103983
616875 825000 400000 -164.8104065
675625 825000 400000 -164.8103915
734375 825000 400000 -163.7876074
793125 825000 400000 -167.912203
851875 825000 400000 -246.9357594
910625 825000 400000 -341.6588113
29375 875000 400000 -164.8104062
88125 875000 400000 -164.810391
146875 875000 400000 -164.8104097
205625 875000 400000 -164.8104406
264375 875000 400000 -164.8104138
323125 875000 400000 -164.8103901
381875 875000 400000 -164.8104214
440625 875000 400000 -164.8104071
499375 875000 400000 -164.8104007
558125 875000 400000 -164.8104045
616875 875000 400000 -164.8104181
675625 875000 400000 -164.8103622
734375 875000 400000 -161.6022325
793125 875000 400000 -186.2367425
851875 875000 400000 -290.166345
910625 875000 400000 -375.305166
29375 925000 400000 -164.8103985
88125 925000 400000 -164.8103983
146875 925000 400000 -164.8104121
205625 925000 400000 -164.8104226
264375 925000 400000 -164.8104133
323125 925000 400000 -164.810399
381875 925000 400000 -164.8104163
440625 925000 400000 -164.8104407
499375 925000 400000 -164.8104043
558125 925000 400000 -164.8103953
616875 925000 400000 -164.810427
675625 925000 400000 -164.8103604
734375 925000 400000 -160.5253263
793125 925000 400000 -207.1719197
851875 925000 400000 -317.9213921
910625 925000 400000 -389.5043865
29375 975000 400000 -164.8104072
88125 975000 400000 -164.8103837
146875 975000 400000 -164.8104125
205625 975000 400000 -164.8104145
264375 975000 400000 -164.810415
323125 975000 400000 -164.8104027
381875 975000 400000 -164.8104198
440625 975000 400000 -164.8103783
499375 975000 400000 -164.8104015
558125 975000 400000 -164.8104018
616875 975000 400000 -164.8104349
675625 975000 400000 -164.8103933
734375 975000 400000 -161.0299308
793125 975000 400000 -219.1384384
851875 975000 400000 -330.8148466
910625 975000 400000 -392.7472736
29375 1025000 400000 -164.8104067
88125 1025000 400000 -164.810391
146875 1025000 400000 -164.8104041
205625 1025000 400000 -164.8104356
264375 1025000 400000 -164.8103976
323125 1025000 400000 -164.8103954
381875 1025000 400000 -164.8104199
440625 1025000 400000 -164.8104194
499375 1025000 400000 -164.810408
558125 1025000 400000 -164.8104046
616875 1025000 400000 -164.8103516
675625 1025000 400000 -164.8103969
734375 1025000 400000 -161.0322831
793125 1025000 400000 -219.1897006
851875 1025000 400000 -330.8662181
910625 1025000 400000 -392.7471413
29375 1075000 400000 -164.8104053
88125 1075000 400000 -164.8103789
146875 1075000 400000 -164.8104094
205625 1075000 400000 -164.8104221
264375 1075000 400000 -164.8104157
323125 1075000 400000 -164.8104084
381875 1075000 400000 -164.810413
440625 1075000 400000 -164.8104029
499375 1075000 400000 -164.8104176
558125 1075000 400000 -164.8103967
616875 1075000 400000 -164.8104439
675625 1075000 400000 -164.8103984
734375 1075000 400000 -160.5308277
793125 1075000 400000 -207.3254273
851875 1075000 400000 -318.0867872
910625 1075000 400000 -389.5485975
29375 1125000 400000 -164.8103888
88125 1125000 400000 -164.8104086
146875 1125000 400000 -164.8104003
205625 1125000 400000 -164.8104341
264375 1125000 400000 -164.8103673
323125 1125000 400000 -164.8104064
381875 1125000 400000 -164.810399
440625 1125000 400000 -164.8103959
499375 1125000 400000 -164.8104345
558125 1125000 400000 -164.8103759
616875 1125000 400000 -164.8104387
675625 1125000 400000 -164.8103746
734375 1125000 400000 -161.5834359
793125 1125000 400000 -186.4386696
851875 1125000 400000 -290.4709836
910625 1125000 400000 -375.4887776
29375 1175000 400000 -164.8103989
88125 1175000 400000 -164.8104045
146875 1175000 400000 -164.8103933
205625 1175000 400000 -164.8104407
264375 1175000 400000 -164.8103961
323125 1175000 400000 -164.8104112
381875 1175000 400000 -164.8104125
440625 1175000 400000 -164.8104169
499375 1175000 400000 -164.8104149
558125 1175000 400000 -164.8104198
616875 1175000 400000 -164.8104705
675625 1175000 400000 -164.8104094
734375 1175000 400000 -163.7718429
793125 1175000 400000 -168.0027492
851875 1175000 400000 -247.3774961
910625 1175000 400000 -342.043894
29375 1225000 400000 -164.8104002
88125 1225000 400000 -164.8103915
146875 1225000 400000 -164.8104061
205625 1225000 400000 -164.8104114
264375 1225000 400000 -164.8104086
323125 1225000 400000 -164.8103838
381875 1225000 400000 -164.8104058
440625 1225000 400000 -164.8103912
499375 1225000 400000 -164.8103948
558125 1225000 400000 -164.8103965
616875 1225000 400000 -164.8104633
675625 1225000 400000 -164.8104182
734375 1225000 400000 -164.7646676
793125 1225000 400000 -161.9159514
851875 1225000 400000 -195.2359536
910625 1225000 400000 -287.4628869
29375 1275000 400000 -164.8104088
88125 1275000 400000 -164.8103886
146875 1275000 400000 -164.8104117
205625 1275000 400000 -164.8104281
264375 1275000 400000 -164.8104111
323125 1275000 400000 -164.8104069
381875 1275000 400000 -164.8104188
440625 1275000 400000 -164.8104014
499375 1275000 400000 -164.810404
558125 1275000 400000 -164.8104074
616875 1275000 400000 -164.8104164
675625 1275000 400000 -164.8104125
734375 1275000 400000 -164.8104056
793125 1275000 400000 -164.2464873
851875 1275000 400000 -164.82598
910625 1275000 400000 -216.1499985
29375 1325000 400000 -164.8104072
88125 1325000 400000 -164.8103916
146875 1325000 400000 -164.8104004
205625 1325000 400000 -164.8104407
264375 1325000 400000 -164.8104121
323125 1325000 400000 -164.8103917
381875 1325000 400000 -164.8104065
440625 1325000 400000 -164.8104082
499375 1325000 400000 -164.8104136
558125 1325000 400000 -164.8103931
616875 1325000 400000 -164.8104126
675625 1325000 400000 -164.8104633
734375 1325000 400000 -164.8104015
793125 1325000 400000 -164.8067912
851875 1325000 400000 -163.7713674
910625 1325000 400000 -166.7448677
29375 1375000 400000 -164.8103932
88125 1375000 400000 -164.810392
146875 1375000 400000 -164.8104059
205625 1375000 400000 -164.8104212
264375 1375000 400000 -164.8104247
323125 1375000 400000 -164.8104097
381875 1375000 400000 -164.810395
440625 1375000 400000 -164.8103933
499375 1375000 400000 -164.8104072
558125 1375000 400000 -164.8103905
616875 1375000 400000 -164.8103831
675625 1375000 400000 -164.810431
734375 1375000 400000 -164.8104125
793125 1375000 400000 -164.8104064
851875 1375000 400000 -164.8014435
910625 1375000 400000 -163.8397515
29375 1425000 400000 -164.810399
88125 1425000 400000 -164.8104011
146875 1425000 400000 -164.8103947
205625 1425000 400000 -164.8104226
264375 1425000 400000 -164.81038
323125 1425000 400000 -164.8104044
381875 1425000 400000 -164.8104043
440625 1425000 400000 -164.8103992
499375 1425000 400000 -164.8104135
558125 1425000 400000 -164.8104003
616875 1425000 400000 -164.810403
675625 1425000 400000 -164.810412
734375 1425000 400000 -164.8103927
793125 1425000 400000 -164.8104134
851875 1425000 400000 -164.810435
910625 1425000 400000 -164.808864
29375 1475000 400000 -164.8104043
88125 1475000 400000 -164.810404
146875 1475000 400000 -164.8103975
205625 1475000 400000 -164.8104324
264375 1475000 400000 -164.8103858
323125 1475000 400000 -164.8104154
381875 1475000 400000 -164.8104017
440625 1475000 400000 -164.8104032
499375 1475000 400000 -164.8103747
558125 1475000 400000 -164.8104175
616875 1475000 400000 -164.8104234
675625 1475000 400000 -164.8103785
734375 1475000 400000 -164.8104084
793125 1475000 400000 -164.8104358
851875 1475000 400000 -164.8104254
910625 1475000 400000 -164.8104022
29375 1525000 400000 -164.8104078
88125 1525000 400000 -164.8104035
146875 1525000 400000 -164.8104141
205625 1525000 400000 -164.8104078
264375 1525000 400000 -164.8103987
323125 1525000 400000 -164.8104083
381875 1525000 400000 -164.8103923
440625 1525000 400000 -164.8104049
499375 1525000 400000 -164.810402
558125 1525000 400000 -164.8104232
616875 1525000 400000 -164.8104455
675625 1525000 400000 -164.8104089
734375 1525000 400000 -164.8104067
793125 1525000 400000 -164.8104066
851875 1525000 400000 -164.8104173
910625 1525000 400000 -164.8104164
29375 1575000 400000 -164.8104088
88125 1575000 400000 -164.8103992
146875 1575000 400000 -164.8104147
205625 1575000 400000 -164.8104229
264375 1575000 400000 -164.8104049
323125 1575000 400000 -164.8104096
381875 1575000 400000 -164.8104087
440625 1575000 400000 -164.810419
499375 1575000 400000 -164.8104281
558125 1575000 400000 -164.810419
616875 1575000 400000 -164.8104432
675625 1575000 400000 -164.8104102
734375 1575000 400000 -164.8104614
793125 1575000 400000 -164.8104161
851875 1575000 400000 -164.8104396
910625 1575000 400000 -164.8104123
969375 825000 400000 -394.9914063
1028125 825000 400000 -386.083412
1086875 825000 400000 -322.8735909
1145625 825000 400000 -265.788751
969375 875000 400000 -393.5853278
1028125 875000 400000 -311.0920431
1086875 875000 400000 -228.0752539
1145625 875000 400000 -320.1692919
969375 925000 400000 -365.3215788
1028125 925000 400000 -238.2397852
1086875 925000 400000 -418.0358722
1145625 925000 400000 -667.2790963
969375 975000 400000 -336.0086437
1028125 975000 400000 -247.8493177
1086875 975000 400000 -600.9739911
1145625 975000 400000 -902.805415
1204375 825000 400000 -265.962457
1263125 825000 400000 -323.3051399
1321875 825000 400000 -386.2682096
1380625 825000 400000 -394.9815942
1439375 825000 400000 -341.6381377
1498125 825000 400000 -246.9905718
1556875 825000 400000 -167.9344807
1615625 825000 400000 -163.7839684
1674375 825000 400000 -164.8104114
1733125 825000 400000 -164.8104126
1791875 825000 400000 -164.8104109
1850625 825000 400000 -164.8104048
1204375 875000 400000 -319.5022773
1263125 875000 400000 -227.4656676
1321875 875000 400000 -311.5903083
1380625 875000 400000 -393.6888178
1439375 875000 400000 -375.3367408
1498125 875000 400000 -290.2761055
1556875 875000 400000 -186.3426798
1615625 875000 400000 -161.5938776
1674375 875000 400000 -164.8104023
1733125 875000 400000 -164.8104093
1791875 875000 400000 -164.8104065
1850625 875000 400000 -164.810397
1204375 925000 400000 -665.9848666
1263125 925000 400000 -415.8407865
1321875 925000 400000 -238.327395
1380625 925000 400000 -365.525398
1439375 925000 400000 -389.5765665
1498125 925000 400000 -318.0857344
1556875 925000 400000 -207.360444
1615625 925000 400000 -160.5368753
1674375 925000 400000 -164.8104123
1733125 925000 400000 -164.8104022
1791875 925000 400000 -164.8104229
1850625 925000 400000 -164.8104011
1204375 975000 400000 -901.5937758
1263125 975000 400000 -598.8244851
1321875 975000 400000 -247.1757104
1380625 975000 400000 -336.1250832
1439375 975000 400000 -392.8265199
1498125 975000 400000 -331.0373184
1556875 975000 400000 -219.384224
1615625 975000 400000 -161.0457773
1674375 975000 400000 -164.8104088
1733125 975000 400000 -164.8104058
1791875 975000 400000 -164.8103979
1850625 975000 400000 -164.8104061
969375 1025000 400000 -335.8076742
1028125 1025000 400000 -248.2127293
1086875 1025000 400000 -602.6807159
1145625 1025000 400000 -905.5135263
1204375 1025000 400000 -905.1481889
1263125 1025000 400000 -602.1440456
1321875 1025000 400000 -248.1479313
1380625 1025000 400000 -335.6512656
1439375 1025000 400000 -392.8270579
1498125 1025000 400000 -331.1477279
1556875 1025000 400000 -219.4839805
1615625 1025000 400000 -161.0496053
1674375 1025000 400000 -164.8104109
1733125 1025000 400000 -164.8104028
1791875 1025000 400000 -164.8104048
1850625 1025000 400000 -164.8104135
969375 1075000 400000 -364.9301144
1028125 1075000 400000 -237.8792676
1086875 1075000 400000 -421.8142442
1145625 1075000 400000 -674.2798977
1204375 1075000 400000 -674.6829432
1263125 1075000 400000 -422.82831
1321875 1075000 400000 -237.645136
1380625 1075000 400000 -364.6516915
1439375 1075000 400000 -389.6799476
1498125 1075000 400000 -318.4330119
1556875 1075000 400000 -207.6525176
1615625 1075000 400000 -160.54539
1674375 1075000 400000 -164.8103947
1733125 1075000 400000 -164.8103998
1791875 1075000 400000 -164.8104182
1850625 1075000 400000 -164.8104046
969375 1125000 400000 -393.3722006
1028125 1125000 400000 -309.9033937
1086875 1125000 400000 -229.554631
1145625 1125000 400000 -325.7906909
1204375 1125000 400000 -326.3101968
1263125 1125000 400000 -230.0249389
1321875 1125000 400000 -309.3406081
1380625 1125000 400000 -393.2566772
1439375 1125000 400000 -375.7311996
1498125 1125000 400000 -290.8849521
1556875 1125000 400000 -186.7143634
1615625 1125000 400000 -161.5587577
1674375 1125000 400000 -164.8103942
1733125 1125000 400000 -164.8103889
1791875 1125000 400000 -164.8104119
1850625 1125000 400000 -164.8104075
969375 1175000 400000 -395.1176602
1028125 1175000 400000 -385.5585169
1086875 1175000 400000 -321.1508008
1145625 1175000 400000 -263.6097361
1204375 1175000 400000 -263.4480175
1263125 1175000 400000 -320.7136244
1321875 1175000 400000 -385.3472645
1380625 1175000 400000 -395.2359701
1439375 1175000 400000 -342.3969962
1498125 1175000 400000 -247.817405
1556875 1175000 400000 -168.0962493
1615625 1175000 400000 -163.7556838
1674375 1175000 400000 -164.8103939
1733125 1175000 400000 -164.8103927
1791875 1175000 400000 -164.8104032
1850625 1175000 400000 -164.8104001
969375 1225000 400000 -359.7400099
1028125 1225000 400000 -395.5419934
1086875 1225000 400000 -395.6530733
1145625 1225000 400000 -383.3207151
1204375 1225000 400000 -383.2690686
1263125 1225000 400000 -395.5938182
1321875 1225000 400000 -395.6328041
1380625 1225000 400000 -360.0261585
1439375 1225000 400000 -287.8667722
1498125 1225000 400000 -195.5755715
1556875 1225000 400000 -161.9322027
1615625 1225000 400000 -164.7633595
1674375 1225000 400000 -164.8104117
1733125 1225000 400000 -164.8104042
1791875 1225000 400000 -164.8104032
1850625 1225000 400000 -164.8103977
969375 1275000 400000 -293.1838082
1028125 1275000 400000 -347.6568602
1086875 1275000 400000 -377.2808401
1145625 1275000 400000 -387.7066504
1204375 1275000 400000 -387.731703
1263125 1275000 400000 -377.3863983
1321875 1275000 400000 -347.8853667
1380625 1275000 400000 -293.5180847
1439375 1275000 400000 -216.5238881
1498125 1275000 400000 -164.8997538
1556875 1275000 400000 -164.2346008
1615625 1275000 400000 -164.8104033
1674375 1275000 400000 -164.8104153
1733125 1275000 400000 -164.8104247
1791875 1275000 400000 -164.8104131
1850625 1275000 400000 -164.8103994
969375 1325000 400000 -209.3901879
1028125 1325000 400000 -265.9622129
1086875 1325000 400000 -303.6799514
1145625 1325000 400000 -321.8291823
1204375 1325000 400000 -321.8784187
1263125 1325000 400000 -303.8297451
1321875 1325000 400000 -266.2081539
1380625 1325000 400000 -209.6711044
1439375 1325000 400000 -166.8462828
1498125 1325000 400000 -163.7592521
1556875 1325000 400000 -164.8065778
1615625 1325000 400000 -164.8104184
1674375 1325000 400000 -164.8104019
1733125 1325000 400000 -164.8104036
1791875 1325000 400000 -164.8104
1850625 1325000 400000 -164.8103978
969375 1375000 400000 -163.4281356
1028125 1375000 400000 -181.1276505
1086875 1375000 400000 -209.489012
1145625 1375000 400000 -226.9874065
1204375 1375000 400000 -227.0331739
1263125 1375000 400000 -209.6067398
1321875 1375000 400000 -181.2703101
1380625 1375000 400000 -163.4577549
1439375 1375000 400000 -163.8299464
1498125 1375000 400000 -164.8011159
1556875 1375000 400000 -164.8104059
1615625 1375000 400000 -164.8104076
1674375 1375000 400000 -164.8104053
1733125 1375000 400000 -164.8103979
1791875 1375000 400000 -164.8104034
1850625 1375000 400000 -164.8103988
969375 1425000 400000 -164.512919
1028125 1425000 400000 -162.4699777
1086875 1425000 400000 -162.3795552
1145625 1425000 400000 -165.0316413
1204375 1425000 400000 -165.0408419
1263125 1425000 400000 -162.3860495
1321875 1425000 400000 -162.4573561
1380625 1425000 400000 -164.5096656
1439375 1425000 400000 -164.8088248
1498125 1425000 400000 -164.8104086
1556875 1425000 400000 -164.8103908
1615625 1425000 400000 -164.8104024
1674375 1425000 400000 -164.8104085
1733125 1425000 400000 -164.8103875
1791875 1425000 400000 -164.8104071
1850625 1425000 400000 -164.8104013
969375 1475000 400000 -164.8104072
1028125 1475000 400000 -164.8100099
1086875 1475000 400000 -164.7451426
1145625 1475000 400000 -164.3703875
1204375 1475000 400000 -164.3690295
1263125 1475000 400000 -164.744274
1321875 1475000 400000 -164.8100012
1380625 1475000 400000 -164.810408
1439375 1475000 400000 -164.8104059
1498125 1475000 400000 -164.8104161
1556875 1475000 400000 -164.8104001
1615625 1475000 400000 -164.8104082
1674375 1475000 400000 -164.8104085
1733125 1475000 400000 -164.8104102
1791875 1475000 400000 -164.8104154
1850625 1475000 400000 -164.8103991
969375 1525000 400000 -164.8104044
1028125 1525000 400000 -164.8103946
1086875 1525000 400000 -164.8103993
1145625 1525000 400000 -164.8104099
1204375 1525000 400000 -164.8104061
1263125 1525000 400000 -164.8104014
1321875 1525000 400000 -164.8103808
1380625 1525000 400000 -164.8104057
1439375 1525000 400000 -164.8103972
1498125 1525000 400000 -164.8104101
1556875 1525000 400000 -164.8104034
1615625 1525000 400000 -164.8104138
1674375 1525000 400000 -164.8104145
1733125 1525000 400000 -164.8103955
1791875 1525000 400000 -164.8104099
1850625 1525000 400000 -164.8103994
969375 1575000 400000 -164.8104088
1028125 1575000 400000 -164.8104055
1086875 1575000 400000 -164.8104154
1145625 1575000 400000 -164.8104075
1204375 1575000 400000 -164.8103935
1263125 1575000 400000 -164.8104114
1321875 1575000 400000 -164.8103974
1380625 1575000 400000 -164.8104132
1439375 1575000 400000 -164.8104071
1498125 1575000 400000 -164.8104162
1556875 1575000 400000 -164.8104088
1615625 1575000 400000 -164.810418
1674375 1575000 400000 -164.8104144
1733125 1575000 400000 -164.8104106
1791875 1575000 400000 -164.8103991
1850625 1575000 400000 -164.8103975
1909375 25000 400000 -164.8104166
1968125 25000 400000 -164.8103985
2026875 25000 400000 -164.8104298
2085625 25000 400000 -164.8103931
2144375 25000 400000 -164.8104015
2203125 25000 400000 -164.8103985
2261875 25000 400000 -164.8104067
2320625 25000 400000 -164.8104021
1909375 75000 400000 -164.8104149
1968125 75000 400000 -164.8104089
2026875 75000 400000 -164.8104085
2085625 75000 400000 -164.8104196
2144375 75000 400000 -164.8103899
2203125 75000 400000 -164.8104121
2261875 75000 400000 -164.8104089
2320625 75000 400000 -164.8103974
1909375 125000 400000 -164.8104114
1968125 125000 400000 -164.8103977
2026875 125000 400000 -164.8103992
2085625 125000 400000 -164.8104143
2144375 125000 400000 -164.8104196
2203125 125000 400000 -164.8104126
2261875 125000 400000 -164.8104077
2320625 125000 400000 -164.8104009
1909375 175000 400000 -164.8104064
1968125 175000 400000 -164.8104025
2026875 175000 400000 -164.8103994
2085625 175000 400000 -164.8104109
2144375 175000 400000 -164.8104067
2203125 175000 400000 -164.8104004
2261875 175000 400000 -164.8104038
2320625 175000 400000 -164.8104089
1909375 225000 400000 -164.8104036
1968125 225000 400000 -164.8104113
2026875 225000 400000 -164.8104075
2085625 225000 400000 -164.8104035
2144375 225000 400000 -164.8104124
2203125 225000 400000 -164.8104026
2261875 225000 400000 -164.8104123
2320625 225000 400000 -164.810405
1909375 275000 400000 -164.8104051
1968125 275000 400000 -164.8104057
2026875 275000 400000 -164.8104069
2085625 275000 400000 -164.8104064
2144375 275000 400000 -164.8104039
2203125 275000 400000 -164.810402
2261875 275000 400000 -164.8104017
2320625 275000 400000 -164.8103984
1909375 325000 400000 -164.8104109
1968125 325000 400000 -164.8104027
2026875 325000 400000 -164.8104081
2085625 325000 400000 -164.8104093
2144375 325000 400000 -164.8104205
2203125 325000 400000 -164.8104101
2261875 325000 400000 -164.8104134
2320625 325000 400000 -164.8104161
1909375 375000 400000 -164.8104018
1968125 375000 400000 -164.8104004
2026875 375000 400000 -164.8104083
2085625 375000 400000 -164.8104039
2144375 375000 400000 -164.8103995
2203125 375000 400000 -164.8104001
2261875 375000 400000 -164.8103865
2320625 375000 400000 -164.8103939
1909375 425000 400000 -164.810404
1968125 425000 400000 -164.8103996
2026875 425000 400000 -164.8104053
2085625 425000 400000 -164.8104072
2144375 425000 400000 -164.8104075
2203125 425000 400000 -164.8104117
2261875 425000 400000 -164.8104137
2320625 425000 400000 -164.8104205
1909375 475000 400000 -164.8104122
1968125 475000 400000 -164.8104116
2026875 475000 400000 -164.8104045
2085625 475000 400000 -164.8104052
2144375 475000 400000 -164.8104076
2203125 475000 400000 -164.8104004
2261875 475000 400000 -164.8104071
2320625 475000 400000 -164.8103962
1909375 525000 400000 -164.8104125
1968125 525000 400000 -164.810408
2026875 525000 400000 -164.8103999
2085625 525000 400000 -164.8104065
2144375 525000 400000 -164.8104123
2203125 525000 400000 -164.8104108
2261875 525000 400000 -164.8104141
2320625 525000 400000 -164.8104188
1909375 575000 400000 -164.8104088
1968125 575000 400000 -164.8104052
2026875 575000 400000 -164.8104086
2085625 575000 400000 -164.8104154
2144375 575000 400000 -164.8104194
2203125 575000 400000 -164.8104162
2261875 575000 400000 -164.8104113
2320625 575000 400000 -164.8104133
1909375 625000 400000 -164.8104071
1968125 625000 400000 -164.8104084
2026875 625000 400000 -164.8104016
2085625 625000 400000 -164.8104081
2144375 625000 400000 -164.810419
2203125 625000 400000 -164.8104218
2261875 625000 400000 -164.8104175
2320625 625000 400000 -164.8104088
1909375 675000 400000 -164.8104116
1968125 675000 400000 -164.8104113
2026875 675000 400000 -164.8104092
2085625 675000 400000 -164.8104037
2144375 675000 400000 -164.8104185
2203125 675000 400000 -164.8104216
2261875 675000 400000 -164.8104179
2320625 675000 400000 -164.8104162
1909375 725000 400000 -164.8104067
1968125 725000 400000 -164.8104068
2026875 725000 400000 -164.8104075
2085625 725000 400000 -164.8103967
2144375 725000 400000 -164.8104071
2203125 725000 400000 -164.810418
2261875 725000 400000 -164.8104181
2320625 725000 400000 -164.8104111
1909375 775000 400000 -164.8104077
1968125 775000 400000 -164.8104059
2026875 775000 400000 -164.8104089
2085625 775000 400000 -164.810401
2144375 775000 400000 -164.8104103
2203125 775000 400000 -164.8104087
2261875 775000 400000 -164.8104115
2320625 775000 400000 -164.8104001
1909375 825000 400000 -164.8104142
1968125 825000 400000 -164.8104109
2026875 825000 400000 -164.8104124
2085625 825000 400000 -164.8104117
2144375 825000 400000 -164.8104152
2203125 825000 400000 -164.8104144
2261875 825000 400000 -164.810415
2320625 825000 400000 -164.8104163
1909375 875000 400000 -164.8104106
1968125 875000 400000 -164.8104048
2026875 875000 400000 -164.8104066
2085625 875000 400000 -164.8104106
2144375 875000 400000 -164.8104088
2203125 875000 400000 -164.810412
2261875 875000 400000 -164.8104089
2320625 875000 400000 -164.8104115
1909375 925000 400000 -164.8104133
1968125 925000 400000 -164.8104047
2026875 925000 400000 -164.8104024
2085625 925000 400000 -164.8103989
2144375 925000 400000 -164.8104009
2203125 925000 400000 -164.8104041
2261875 925000 400000 -164.8104028
2320625 925000 400000 -164.8104104
1909375 975000 400000 -164.8104097
1968125 975000 400000 -164.8104066
2026875 975000 400000 -164.8103975
2085625 975000 400000 -164.8104073
2144375 975000 400000 -164.8104119
2203125 975000 400000 -164.8104092
2261875 975000 400000 -164.8104161
2320625 975000 400000 -164.8104169
1909375 1025000 400000 -164.8104147
1968125 1025000 400000 -164.8104104
2026875 1025000 400000 -164.8103967
2085625 1025000 400000 -164.8104119
2144375 1025000 400000 -164.8104088
2203125 1025000 400000 -164.8104071
2261875 1025000 400000 -164.8104031
2320625 1025000 400000 -164.8104004
1909375 1075000 400000 -164.8104183
1968125 1075000 400000 -164.8104129
2026875 1075000 400000 -164.8103923
2085625 1075000 400000 -164.8104058
2144375 1075000 400000 -164.8104081
2203125 1075000 400000 -164.8104069
2261875 1075000 400000 -164.8104001
2320625 1075000 400000 -164.8104118
1909375 1125000 400000 -164.8104145
1968125 1125000 400000 -164.8104096
2026875 1125000 400000 -164.8103956
2085625 1125000 400000 -164.810414
2144375 1125000 400000 -164.8104123
2203125 1125000 400000 -164.8103955
2261875 1125000 400000 -164.8104114
2320625 1125000 400000 -164.810418
1909375 1175000 400000 -164.8104139
1968125 1175000 400000 -164.8104088
2026875 1175000 400000 -164.810406
2085625 1175000 400000 -164.8104164
2144375 1175000 400000 -164.8104107
2203125 1175000 400000 -164.8103935
2261875 1175000 400000 -164.8104089
2320625 1175000 400000 -164.8104065
1909375 1225000 400000 -164.8104113
1968125 1225000 400000 -164.8104138
2026875 1225000 400000 -164.8103983
2085625 1225000 400000 -164.8104093
2144375 1225000 400000 -164.8104042
2203125 1225000 400000 -164.8103898
2261875 1225000 400000 -164.8103984
2320625 1225000 400000 -164.8104005
1909375 1275000 400000 -164.8104132
1968125 1275000 400000 -164.8104104
2026875 1275000 400000 -164.810432
2085625 1275000 400000 -164.8104163
2144375 1275000 400000 -164.8104022
2203125 1275000 400000 -164.810395
2261875 1275000 400000 -164.8104119
2320625 1275000 400000 -164.8104036
1909375 1325000 400000 -164.8104103
1968125 1325000 400000 -164.8104019
2026875 1325000 400000 -164.8104028
2085625 1325000 400000 -164.8104079
2144375 1325000 400000 -164.8104072
2203125 1325000 400000 -164.8104092
2261875 1325000 400000 -164.8104033
2320625 1325000 400000 -164.8104068
1909375 1375000 400000 -164.8104142
1968125 1375000 400000 -164.8104121
2026875 1375000 400000 -164.8104112
2085625 1375000 400000 -164.8104096
2144375 1375000 400000 -164.8104034
2203125 1375000 400000 -164.8104087
2261875 1375000 400000 -164.810396
2320625 1375000 400000 -164.8103985
1909375 1425000 400000 -164.8104091
1968125 1425000 400000 -164.8104074
2026875 1425000 400000 -164.8104
2085625 1425000 400000 -164.810409
2144375 1425000 400000 -164.810407
2203125 1425000 400000 -164.8104086
2261875 1425000 400000 -164.8103973
2320625 1425000 400000 -164.810392
1909375 1475000 400000 -164.8104041
1968125 1475000 400000 -164.8104054
2026875 1475000 400000 -164.810403
2085625 1475000 400000 -164.8104096
2144375 1475000 400000 -164.8104052
2203125 1475000 400000 -164.8104054
2261875 1475000 400000 -164.8104037
2320625 1475000 400000 -164.8103968
1909375 1525000 400000 -164.8104061
1968125 1525000 400000 -164.8104039
2026875 1525000 400000 -164.8104027
2085625 1525000 400000 -164.8104118
2144375 1525000 400000 -164.8103996
2203125 1525000 400000 -164.8104001
2261875 1525000 400000 -164.8104072
2320625 1525000 400000 -164.8104079
1909375 1575000 400000 -164.8104125
1968125 1575000 400000 -164.8104035
2026875 1575000 400000 -164.8104076
2085625 1575000 400000 -164.8104088
2144375 1575000 400000 -164.8104065
2203125 1575000 400000 -164.8104015
2261875 1575000 400000 -164.8104006
2320625 1575000 400000 -164.81041
29375 1625000 400000 -164.810402
88125 1625000 400000 -164.8103951
146875 1625000 400000 -164.8104128
205625 1625000 400000 -164.8103796
264375 1625000 400000 -164.8103993
323125 1625000 400000 -164.8103994
381875 1625000 400000 -164.8104037
440625 1625000 400000 -164.8103954
499375 1625000 400000 -164.8104298
558125 1625000 400000 -164.8103984
616875 1625000 400000 -164.8103994
675625 1625000 400000 -164.8103944
734375 1625000 400000 -164.8104175
793125 1625000 400000 -164.8103805
851875 1625000 400000 -164.8104348
910625 1625000 400000 -164.8104358
29375 1675000 400000 -164.8104052
88125 1675000 400000 -164.8103865
146875 1675000 400000 -164.8104145
205625 1675000 400000 -164.8104093
264375 1675000 400000 -164.810397
323125 1675000 400000 -164.8104282
381875 1675000 400000 -164.8104116
440625 1675000 400000 -164.810404
499375 1675000 400000 -164.8104324
558125 1675000 400000 -164.8104226
616875 1675000 400000 -164.8103771
675625 1675000 400000 -164.8104307
734375 1675000 400000 -164.8104229
793125 1675000 400000 -164.8103778
851875 1675000 400000 -164.8104164
910625 1675000 400000 -164.8104218
29375 1725000 400000 -164.8104114
88125 1725000 400000 -164.8104226
146875 1725000 400000 -164.8103953
205625 1725000 400000 -164.8103994
264375 1725000 400000 -164.8104104
323125 1725000 400000 -164.8104
381875 1725000 400000 -164.8104096
440625 1725000 400000 -164.8104033
499375 1725000 400000 -164.810397
558125 1725000 400000 -164.8104042
616875 1725000 400000 -164.8103865
675625 1725000 400000 -164.8103901
734375 1725000 400000 -164.8104216
793125 1725000 400000 -164.8104026
851875 1725000 400000 -164.8104214
910625 1725000 400000 -164.8104293
29375 1775000 400000 -164.8104143
88125 1775000 400000 -164.8104014
146875 1775000 400000 -164.8104341
205625 1775000 400000 -164.810383
264375 1775000 400000 -164.8104086
323125 1775000 400000 -164.8104094
381875 1775000 400000 -164.8104047
440625 1775000 400000 -164.810395
499375 1775000 400000 -164.8103988
558125 1775000 400000 -164.8104142
616875 1775000 400000 -164.810384
675625 1775000 400000 -164.8103962
734375 1775000 400000 -164.8104412
793125 1775000 400000 -164.8104172
851875 1775000 400000 -164.8104085
910625 1775000 400000 -164.8104091
29375 1825000 400000 -164.8104056
88125 1825000 400000 -164.810419
146875 1825000 400000 -164.8103796
205625 1825000 400000 -164.8104033
264375 1825000 400000 -164.8104134
323125 1825000 400000 -164.8104035
381875 1825000 400000 -164.810391
440625 1825000 400000 -164.8104083
499375 1825000 400000 -164.810405
558125 1825000 400000 -164.810405
616875 1825000 400000 -164.8103909
675625 1825000 400000 -164.810413
734375 1825000 400000 -164.8104112
793125 1825000 400000 -164.8103955
851875 1825000 400000 -164.8103965
910625 1825000 400000 -164.8104059
29375 1875000 400000 -164.8104116
88125 1875000 400000 -164.8103964
146875 1875000 400000 -164.8103947
205625 1875000 400000 -164.8104264
264375 1875000 400000 -164.8104137
323125 1875000 400000 -164.810411
381875 1875000 400000 -164.8104087
440625 1875000 400000 -164.8104099
499375 1875000 400000 -164.8104124
558125 1875000 400000 -164.8103986
616875 1875000 400000 -164.8104235
675625 1875000 400000 -164.8104412
734375 1875000 400000 -164.810407
793125 1875000 400000 -164.8103922
851875 1875000 400000 -164.8104125
910625 1875000 400000 -164.8104349
29375 1925000 400000 -164.8104074
88125 1925000 400000 -164.8104069
146875 1925000 400000 -164.810375
205625 1925000 400000 -164.8104208
264375 1925000 400000 -164.8104085
323125 1925000 400000 -164.8104111
381875 1925000 400000 -164.8104131
440625 1925000 400000 -164.8104031
499375 1925000 400000 -164.8104078
558125 1925000 400000 -164.8104067
616875 1925000 400000 -164.8103908
675625 1925000 400000 -164.8104088
734375 1925000 400000 -164.8104078
793125 1925000 400000 -164.8104037
851875 1925000 400000 -164.8103943
910625 1925000 400000 -164.8104209
29375 1975000 400000 -164.8104021
88125 1975000 400000 -164.8104066
146875 1975000 400000 -164.8103956
205625 1975000 400000 -164.8103971
264375 1975000 400000 -164.8104058
323125 1975000 400000 -164.8104054
381875 1975000 400000 -164.8104208
440625 1975000 400000 -164.8104071
499375 1975000 400000 -164.8104039
558125 1975000 400000 -164.8104216
616875 1975000 400000 -164.8103945
675625 1975000 400000 -164.810397
734375 1975000 400000 -164.8103995
793125 1975000 400000 -164.8104121
851875 1975000 400000 -164.8104025
910625 1975000 400000 -164.8104038
969375 1625000 400000 -164.8104084
1028125 1625000 400000 -164.8104056
1086875 1625000 400000 -164.8104107
1145625 1625000 400000 -164.810404
1204375 1625000 400000 -164.8104016
1263125 1625000 400000 -164.8104195
1321875 1625000 400000 -164.8103867
1380625 1625000 400000 -164.8104064
1439375 1625000 400000 -164.8104159
1498125 1625000 400000 -164.8104013
1556875 1625000 400000 -164.8103801
1615625 1625000 400000 -164.8104181
1674375 1625000 400000 -164.8104109
1733125 1625000 400000 -164.8104046
1791875 1625000 400000 -164.8104326
1850625 1625000 400000 -164.8104067
1909375 1625000 400000 -164.8104019
1968125 1625000 400000 -164.8104244
2026875 1625000 400000 -164.8104048
2085625 1625000 400000 -164.8104004
2144375 1625000 400000 -164.8104109
2203125 1625000 400000 -164.8104059
2261875 1625000 400000 -164.8104049
2320625 1625000 400000 -164.8104042
969375 1675000 400000 -164.8104119
1028125 1675000 400000 -164.8104082
1086875 1675000 400000 -164.810409
1145625 1675000 400000 -164.8104066
1204375 1675000 400000 -164.8103949
1263125 1675000 400000 -164.8104229
1321875 1675000 400000 -164.8104007
1380625 1675000 400000 -164.8103982
1439375 1675000 400000 -164.8104199
1498125 1675000 400000 -164.810399
1556875 1675000 400000 -164.8103931
1615625 1675000 400000 -164.8104206
1674375 1675000 400000 -164.8104052
1733125 1675000 400000 -164.8103879
1791875 1675000 400000 -164.8104445
1850625 1675000 400000 -164.8104023
1909375 1675000 400000 -164.8103808
1968125 1675000 400000 -164.8104128
2026875 1675000 400000 -164.8103945
2085625 1675000 400000 -164.8103994
2144375 1675000 400000 -164.8104119
2203125 1675000 400000 -164.8104078
2261875 1675000 400000 -164.8104068
2320625 1675000 400000 -164.8104075
969375 1725000 400000 -164.8104302
1028125 1725000 400000 -164.8104285
1086875 1725000 400000 -164.8104001
1145625 1725000 400000 -164.8103987
1204375 1725000 400000 -164.8104118
1263125 1725000 400000 -164.8104156
1321875 1725000 400000 -164.8104062
1380625 1725000 400000 -164.8104073
1439375 1725000 400000 -164.810423
1498125 1725000 400000 -164.810408
1556875 1725000 400000 -164.810411
1615625 1725000 400000 -164.810403
1674375 1725000 400000 -164.8104057
1733125 1725000 400000 -164.8104169
1791875 1725000 400000 -164.8104193
1850625 1725000 400000 -164.8103946
1909375 1725000 400000 -164.8104207
1968125 1725000 400000 -164.8104005
2026875 1725000 400000 -164.810399
2085625 1725000 400000 -164.8104106
2144375 1725000 400000 -164.8104111
2203125 1725000 400000 -164.8104071
2261875 1725000 400000 -164.8104062
2320625 1725000 400000 -164.8104056
969375 1775000 400000 -164.8104237
1028125 1775000 400000 -164.810416
1086875 1775000 400000 -164.8104113
1145625 1775000 400000 -164.8104222
1204375 1775000 400000 -164.810416
1263125 1775000 400000 -164.8104196
1321875 1775000 400000 -164.8104038
1380625 1775000 400000 -164.8104177
1439375 1775000 400000 -164.8104104
1498125 1775000 400000 -164.8104115
1556875 1775000 400000 -164.8104188
1615625 1775000 400000 -164.8104152
1674375 1775000 400000 -164.810408
1733125 1775000 400000 -164.8104156
1791875 1775000 400000 -164.810409
1850625 1775000 400000 -164.810425
1909375 1775000 400000 -164.8103987
1968125 1775000 400000 -164.8103911
2026875 1775000 400000 -164.8103926
2085625 1775000 400000 -164.8104234
2144375 1775000 400000 -164.8104116
2203125 1775000 400000 -164.8104057
2261875 1775000 400000 -164.8104132
2320625 1775000 400000 -164.810405
969375 1825000 400000 -164.8103916
1028125 1825000 400000 -164.8103889
1086875 1825000 400000 -164.8104094
1145625 1825000 400000 -164.810411
1204375 1825000 400000 -164.8104077
1263125 1825000 400000 -164.8103952
1321875 1825000 400000 -164.8104048
1380625 1825000 400000 -164.8104092
1439375 1825000 400000 -164.8103952
1498125 1825000 400000 -164.8103924
1556875 1825000 400000 -164.8104084
1615625 1825000 400000 -164.8104185
1674375 1825000 400000 -164.8103875
1733125 1825000 400000 -164.810411
1791875 1825000 400000 -164.8103866
1850625 1825000 400000 -164.8103969
1909375 1825000 400000 -164.8104004
1968125 1825000 400000 -164.8103921
2026875 1825000 400000 -164.8104127
2085625 1825000 400000 -164.8104125
2144375 1825000 400000 -164.8104023
2203125 1825000 400000 -164.8104048
2261875 1825000 400000 -164.8104
2320625 1825000 400000 -164.8103986
969375 1875000 400000 -164.8103951
1028125 1875000 400000 -164.8103892
1086875 1875000 400000 -164.8103957
1145625 1875000 400000 -164.8104124
1204375 1875000 400000 -164.8104085
1263125 1875000 400000 -164.8104049
1321875 1875000 400000 -164.8104244
1380625 1875000 400000 -164.8104044
1439375 1875000 400000 -164.8103844
1498125 1875000 400000 -164.8104282
1556875 1875000 400000 -164.8104214
1615625 1875000 400000 -164.8104075
1674375 1875000 400000 -164.8104216
1733125 1875000 400000 -164.8104124
1791875 1875000 400000 -164.8103956
1850625 1875000 400000 -164.8104146
1909375 1875000 400000 -164.8104197
1968125 1875000 400000 -164.810408
2026875 1875000 400000 -164.810412
2085625 1875000 400000 -164.8104087
2144375 1875000 400000 -164.8104048
2203125 1875000 400000 -164.8104004
2261875 1875000 400000 -164.8103967
2320625 1875000 400000 -164.810389
969375 1925000 400000 -164.8103992
1028125 1925000 400000 -164.8104149
1086875 1925000 400000 -164.8104236
1145625 1925000 400000 -164.8104083
1204375 1925000 400000 -164.8104182
1263125 1925000 400000 -164.8104266
1321875 1925000 400000 -164.8104247
1380625 1925000 400000 -164.8104085
1439375 1925000 400000 -164.810391
1498125 1925000 400000 -164.8104291
1556875 1925000 400000 -164.8104098
1615625 1925000 400000 -164.8104071
1674375 1925000 400000 -164.8104077
1733125 1925000 400000 -164.8103891
1791875 1925000 400000 -164.8103833
1850625 1925000 400000 -164.8103988
1909375 1925000 400000 -164.8104036
1968125 1925000 400000 -164.8104086
2026875 1925000 400000 -164.8104248
2085625 1925000 400000 -164.810408
2144375 1925000 400000 -164.8104045
2203125 1925000 400000 -164.8104093
2261875 1925000 400000 -164.8104046
2320625 1925000 400000 -164.810406
969375 1975000 400000 -164.8103926
1028125 1975000 400000 -164.8103981
1086875 1975000 400000 -164.8104065
1145625 1975000 400000 -164.8103929
1204375 1975000 400000 -164.8104043
1263125 1975000 400000 -164.81042
1321875 1975000 400000 -164.8104237
1380625 1975000 400000 -164.8104187
1439375 1975000 400000 -164.8103937
1498125 1975000 400000 -164.8104077
1556875 1975000 400000 -164.8104041
1615625 1975000 400000 -164.8104192
1674375 1975000 400000 -164.8104251
1733125 1975000 400000 -164.8103857
1791875 1975000 400000 -164.8103779
1850625 1975000 400000 -164.8104047
1909375 1975000 400000 -164.8104077
1968125 1975000 400000 -164.8103973
2026875 1975000 400000 -164.8104127
2085625 1975000 400000 -164.8104068
2144375 1975000 400000 -164.8103997
2203125 1975000 400000 -164.8104069
2261875 1975000 400000 -164.8104049
2320625 1975000 400000 -164.8104027
