# x y z bottom topography
29375 25000 0 -7.039343217
88125 25000 0 -6.979111288
146875 25000 0 -6.860177285
205625 25000 0 -6.688114058
264375 25000 0 -6.472814513
323125 25000 0 -6.22403919
381875 25000 0 -5.946677233
440625 25000 0 -5.640992188
499375 25000 0 -5.307027787
558125 25000 0 -4.948959141
616875 25000 0 -4.576706805
675625 25000 0 -4.204401803
734375 25000 0 -3.846815333
793125 25000 0 -3.515813429
851875 25000 0 -3.218748176
910625 25000 0 -2.959499868
29375 75000 0 -7.004456525
88125 75000 0 -6.944032722
146875 75000 0 -6.82476611
205625 75000 0 -6.652167517
264375 75000 0 -6.43589972
323125 75000 0 -6.185521503
381875 75000 0 -5.90594635
440625 75000 0 -5.597654642
499375 75000 0 -5.260937285
558125 75000 0 -4.90012196
616875 75000 0 -4.525134209
675625 75000 0 -4.14995375
734375 75000 0 -3.789041165
793125 75000 0 -3.453821887
851875 75000 0 -3.151315114
910625 75000 0 -2.885647449
29375 125000 0 -6.935712715
88125 125000 0 -6.874880334
146875 125000 0 -6.754873203
205625 125000 0 -6.581084534
264375 125000 0 -6.362787426
323125 125000 0 -6.109227665
381875 125000 0 -5.825425395
440625 125000 0 -5.512312447
499375 125000 0 -5.170645217
558125 125000 0 -4.804942974
616875 125000 0 -4.424908899
675625 125000 0 -4.043915067
734375 125000 0 -3.675607965
793125 125000 0 -3.330769831
851875 125000 0 -3.016624081
910625 125000 0 -2.738795452
29375 175000 0 -6.835417135
88125 175000 0 -6.773879732
146875 175000 0 -6.652539398
205625 175000 0 -6.476650796
264375 175000 0 -6.255073141
323125 175000 0 -5.996792915
381875 175000 0 -5.707128458
440625 175000 0 -5.38772368
499375 175000 0 -5.039931503
558125 175000 0 -4.668221693
616875 175000 0 -4.281346342
675625 175000 0 -3.89109416
734375 175000 0 -3.509794606
793125 175000 0 -3.148467544
851875 175000 0 -2.816884222
910625 175000 0 -2.524236935
29375 225000 0 -6.707253445
88125 225000 0 -6.644571217
146875 225000 0 -6.521019809
205625 225000 0 -6.341770549
264375 225000 0 -6.11542502
323125 225000 0 -5.850970608
381875 225000 0 -5.554345374
440625 225000 0 -5.228156558
499375 225000 0 -4.874262634
558125 225000 0 -4.496336602
616875 225000 0 -4.10077473
675625 225000 0 -3.6965358
734375 225000 0 -3.295160318
793125 225000 0 -2.911134701
851875 225000 0 -2.56063102
910625 225000 0 -2.257125431
29375 275000 0 -6.555930751
88125 275000 0 -6.491507789
146875 275000 0 -6.364585157
205625 275000 0 -6.180408117
264375 275000 0 -5.94766263
323125 275000 0 -5.675794522
381875 275000 0 -5.371767997
440625 275000 0 -5.039253992
499375 275000 0 -4.68006047
558125 275000 0 -4.295664615
616875 275000 0 -3.888407371
675625 275000 0 -3.464155961
734375 275000 0 -3.036778124
793125 275000 0 -2.629663181
851875 275000 0 -2.267951321
910625 275000 0 -1.966574698
29375 325000 0 -6.386539257
88125 325000 0 -6.319692126
146875 325000 0 -6.18810156
205625 325000 0 -5.99733663
264375 325000 0 -5.756652217
323125 325000 0 -5.476530536
381875 325000 0 -5.165305563
440625 325000 0 -4.82739394
499375 325000 0 -4.463305184
558125 325000 0 -4.070615102
616875 325000 0 -3.647060233
675625 325000 0 -3.198025072
734375 325000 0 -2.745513152
793125 325000 0 -2.326577164
851875 325000 0 -1.973850297
910625 325000 0 -1.698226455
29375 375000 0 -6.20406683
88125 375000 0 -6.13414359
146875 375000 0 -5.996678554
205625 375000 0 -5.797863765
264375 375000 0 -5.548057065
323125 375000 0 -5.259315713
381875 375000 0 -4.941375814
440625 375000 0 -4.598422957
499375 375000 0 -4.227941784
558125 375000 0 -3.822882202
616875 375000 0 -3.378912863
675625 375000 0 -2.906690249
734375 375000 0 -2.442282964
793125 375000 0 -2.037653056
851875 375000 0 -1.727618676
910625 375000 0 -1.512934306
29375 425000 0 -6.013307725
88125 425000 0 -5.939802021
146875 425000 0 -5.7955507
205625 425000 0 -5.587651958
264375 425000 0 -5.328009656
323125 425000 0 -5.030513909
381875 425000 0 -4.705768878
440625 425000 0 -4.356218777
499375 425000 0 -3.975221718
558125 425000 0 -3.553133281
616875 425000 0 -3.089334231
675625 425000 0 -2.606009647
734375 425000 0 -2.157050592
793125 425000 0 -1.807033021
851875 425000 0 -1.586237056
910625 425000 0 -1.481176337
29375 475000 0 -5.819007625
88125 475000 0 -5.741630654
146875 475000 0 -5.590092044
205625 475000 0 -5.372584248
264375 475000 0 -5.102737846
323125 475000 0 -4.796002889
381875 475000 0 -4.462705376
440625 475000 0 -4.102273984
499375 475000 0 -3.705051231
558125 475000 0 -3.263946553
616875 475000 0 -2.788369846
675625 475000 0 -2.316627581
734375 475000 0 -1.922053162
793125 475000 0 -1.676461153
851875 475000 0 -1.5974828
910625 475000 0 -1.651784031
29375 525000 0 -5.625962256
88125 525000 0 -5.544665109
146875 525000 0 -5.385763758
205625 525000 0 -5.158557505
264375 525000 0 -4.878176567
323125 525000 0 -4.560746895
381875 525000 0 -4.214979923
440625 525000 0 -3.837425157
499375 525000 0 -3.41930333
558125 525000 0 -2.962228887
616875 525000 0 -2.490352352
675625 525000 0 -2.061785327
734375 525000 0 -1.767610006
793125 525000 0 -1.677564463
851875 525000 0 -1.788762534
910625 525000 0 -2.037896219
29375 575000 0 -5.438933063
88125 575000 0 -5.353887038
146875 575000 0 -5.187903538
205625 575000 0 -4.951166019
264375 575000 0 -4.659646166
323125 575000 0 -4.328933811
381875 575000 0 -3.965478213
440625 575000 0 -3.565219404
499375 575000 0 -3.125616987
558125 575000 0 -2.662024811
616875 575000 0 -2.217236157
675625 575000 0 -1.871032952
734375 575000 0 -1.72557737
793125 575000 0 -1.839860121
851875 575000 0 -2.172309777
910625 575000 0 -2.618722429
29375 625000 0 -5.262427221
88125 625000 0 -5.173973386
146875 625000 0 -5.001419504
205625 625000 0 -4.755367522
264375 625000 0 -4.45171652
323125 625000 0 -4.104617496
381875 625000 0 -3.719121402
440625 625000 0 -3.294468206
499375 625000 0 -2.839244708
558125 625000 0 -2.386166896
616875 625000 0 -1.999645071
675625 625000 0 -1.777366218
734375 625000 0 -1.8254953
793125 625000 0 -2.172848824
851875 625000 0 -2.729209103
910625 625000 0 -3.364758966
29375 675000 0 -5.100462664
88125 675000 0 -5.009043795
146875 675000 0 -4.830520833
205625 675000 0 -4.575276928
264375 675000 0 -4.258321188
323125 675000 0 -3.892427472
381875 675000 0 -3.483643011
440625 675000 0 -3.038517429
499375 675000 0 -2.57983628
558125 675000 0 -2.159616238
616875 675000 0 -1.863190064
675625 675000 0 -1.798182891
734375 675000 0 -2.06271907
793125 675000 0 -2.638499728
851875 675000 0 -3.400552074
910625 675000 0 -4.16586853
29375 725000 0 -4.956412088
88125 725000 0 -4.862502748
146875 725000 0 -4.678590586
205625 725000 0 -4.414185387
264375 725000 0 -4.083057356
323125 725000 0 -3.697815716
381875 725000 0 -3.268386748
440625 725000 0 -2.811158683
499375 725000 0 -2.363535365
558125 725000 0 -1.997180991
616875 725000 0 -1.812020417
675625 725000 0 -1.919474632
734375 725000 0 -2.389359501
793125 725000 0 -3.168475572
851875 725000 0 -4.073979558
910625 725000 0 -4.820359834
29375 775000 0 -4.832953764
88125 775000 0 -4.737007273
146875 775000 0 -4.548232079
205625 775000 0 -4.274782693
264375 775000 0 -3.929479451
323125 775000 0 -3.52660634
381875 775000 0 -3.081936352
440625 775000 0 -2.622054102
499375 775000 0 -2.197038776
558125 775000 0 -1.897669289
616875 775000 0 -1.829351287
675625 775000 0 -2.100906738
734375 775000 0 -2.745839433
793125 775000 0 -3.682905752
851875 775000 0 -4.618196316
910625 775000 0 -5.118601589
969375 25000 0 -2.741275007
1028125 25000 0 -2.568913002
1086875 25000 0 -2.448808923
1145625 25000 0 -2.386924471
1204375 25000 0 -2.386767122
1263125 25000 0 -2.448353127
1321875 25000 0 -2.568202947
1380625 25000 0 -2.740376367
969375 75000 0 -2.661000026
1028125 75000 0 -2.483315881
1086875 75000 0 -2.359591008
1145625 75000 0 -2.295914557
1204375 75000 0 -2.295769913
1263125 75000 0 -2.359175476
1321875 75000 0 -2.482677902
1380625 75000 0 -2.66020456
969375 125000 0 -2.5034816
1028125 125000 0 -2.317812317
1086875 125000 0 -2.188930626
1145625 125000 0 -2.122738148
1204375 125000 0 -2.122616834
1263125 125000 0 -2.188586061
1321875 125000 0 -2.31729578
1380625 125000 0 -2.502859657
969375 175000 0 -2.278645665
1028125 175000 0 -2.086765197
1086875 175000 0 -1.954424012
1145625 175000 0 -1.886665441
1204375 175000 0 -1.886574698
1263125 175000 0 -1.954168149
1321875 175000 0 -2.086390215
1380625 175000 0 -2.278219059
969375 225000 0 -2.008055141
1028125 225000 0 -1.816724083
1086875 225000 0 -1.686033451
1145625 225000 0 -1.619428824
1204375 225000 0 -1.61937404
1263125 225000 0 -1.685877557
1321875 225000 0 -1.816496005
1380625 225000 0 -2.007812652
969375 275000 0 -1.727972826
1028125 275000 0 -1.549507747
1086875 275000 0 -1.429750734
1145625 275000 0 -1.369364188
1204375 275000 0 -1.36935535
1263125 275000 0 -1.429718891
1321875 275000 0 -1.549448444
1380625 275000 0 -1.727911828
969375 325000 0 -1.49295174
1028125 325000 0 -1.347149858
1086875 325000 0 -1.253174457
1145625 325000 0 -1.207057646
1204375 325000 0 -1.207117669
1263125 325000 0 -1.253328737
969375 375000 0 -1.374943299
1028125 375000 0 -1.29305796
1086875 375000 0 -1.250102373
1145625 375000 0 -1.232671076
1204375 375000 0 -1.232849492
1263125 375000 0 -1.250579979
1439375 25000 0 -2.958498156
1498125 25000 0 -3.217748193
1556875 25000 0 -3.514922279
1615625 25000 0 -3.846109801
1674375 25000 0 -4.203900672
1733125 25000 0 -4.576369051
1791875 25000 0 -4.94870627
1850625 25000 0 -5.306776695
1439375 75000 0 -2.884766873
1498125 75000 0 -3.150430654
1556875 75000 0 -3.453022236
1615625 75000 0 -3.788399501
1674375 75000 0 -4.149496503
1733125 75000 0 -4.52483016
1791875 75000 0 -4.899899575
1850625 75000 0 -5.260716867
1439375 125000 0 -2.738130684
1498125 125000 0 -3.015966686
1556875 125000 0 -3.330168225
1615625 125000 0 -3.675113071
1674375 125000 0 -4.043558228
1733125 125000 0 -4.424676822
1791875 125000 0 -4.804780732
1850625 125000 0 -5.170482891
1439375 175000 0 -2.523827681
1498125 175000 0 -2.816532009
1556875 175000 0 -3.148174619
1615625 175000 0 -3.509556933
1674375 175000 0 -3.890921044
1733125 175000 0 -4.281238976
1791875 175000 0 -4.668152133
1850625 175000 0 -5.039850702
1439375 225000 0 -2.256950804
1498125 225000 0 -2.560589451
1556875 225000 0 -2.911218874
1615625 225000 0 -3.295298314
1674375 225000 0 -3.696664493
1733125 225000 0 -4.100875634
1791875 225000 0 -4.496406888
1850625 225000 0 -4.87428743
1439375 275000 0 -1.966591613
1498125 275000 0 -2.268155346
1556875 275000 0 -2.630101838
1615625 275000 0 -3.037360423
1674375 275000 0 -3.464715803
1733125 275000 0 -3.888838549
1791875 275000 0 -4.295952664
1850625 275000 0 -4.680226481
1321875 325000 0 -1.34733918
1380625 325000 0 -1.493135261
1439375 325000 0 -1.698440772
1498125 325000 0 -1.974228941
1556875 325000 0 -2.327266805
1615625 325000 0 -2.74650234
1674375 325000 0 -3.199089777
1733125 325000 0 -3.647950958
1791875 325000 0 -4.071230335
1850625 325000 0 -4.46367044
1321875 375000 0 -1.293686837
1380625 375000 0 -1.375562586
1439375 375000 0 -1.513476391
1498125 375000 0 -1.7281877
1556875 375000 0 -2.038489511
1615625 375000 0 -2.443543837
1674375 375000 0 -2.908212322
1733125 375000 0 -3.380325473
1791875 375000 0 -3.823929004
1850625 375000 0 -4.228584313
969375 425000 0 -1.458472541
1028125 425000 0 -1.482536656
1086875 425000 0 -1.521064006
1145625 425000 0 -1.54800503
1204375 425000 0 -1.548371946
1263125 425000 0 -1.522075725
1321875 425000 0 -1.483942923
1380625 425000 0 -1.459934421
1439375 425000 0 -1.482415072
1498125 425000 0 -1.587214399
1556875 425000 0 -1.808022659
1615625 425000 0 -2.158426278
1674375 425000 0 -2.607818816
1733125 425000 0 -3.091198932
1791875 425000 0 -3.554642369
1850625 425000 0 -3.976207524
969375 475000 0 -1.78676163
1028125 475000 0 -1.946546774
1086875 475000 0 -2.081562699
1145625 475000 0 -2.157646772
1204375 475000 0 -2.158300164
1263125 475000 0 -2.083385482
1321875 475000 0 -1.949157323
1380625 475000 0 -1.789606186
1439375 475000 0 -1.654293239
1498125 475000 0 -1.599338759
1556875 475000 0 -1.677820071
1615625 475000 0 -1.923463646
1674375 475000 0 -2.318486521
1733125 475000 0 -2.790478915
1791875 475000 0 -3.26582147
1850625 475000 0 -3.706379065
969375 525000 0 -2.340502499
1028125 525000 0 -2.622505926
1086875 525000 0 -2.832715958
1145625 525000 0 -2.943311712
1204375 525000 0 -2.944331971
1263125 525000 0 -2.835569365
1321875 525000 0 -2.626637961
1380625 525000 0 -2.345167728
1439375 525000 0 -2.042285361
1498125 525000 0 -1.792166904
1556875 525000 0 -1.679778242
1615625 525000 0 -1.769184199
1674375 525000 0 -2.063506028
1733125 525000 0 -2.492418232
1791875 525000 0 -2.964248723
1850625 525000 0 -3.420866851
969375 575000 0 -3.076998916
1028125 575000 0 -3.465315001
1086875 575000 0 -3.732829337
1145625 575000 0 -3.865404986
1204375 575000 0 -3.866984541
1263125 575000 0 -3.737187206
1321875 575000 0 -3.471513201
1380625 575000 0 -3.08392989
1439375 575000 0 -2.62537606
1498125 575000 0 -2.177837822
1556875 575000 0 -1.843664964
1615625 575000 0 -1.727810661
1674375 575000 0 -1.872691875
1733125 575000 0 -2.219058471
1791875 575000 0 -2.663935276
1850625 575000 0 -3.127229753
969375 625000 0 -3.948176788
1028125 625000 0 -4.377828965
1086875 625000 0 -4.621446553
1145625 625000 0 -4.717644168
1204375 625000 0 -4.719953412
1263125 625000 0 -4.627804003
1321875 625000 0 -4.386758615
1380625 625000 0 -3.95797384
1439375 625000 0 -3.374088576
1498125 625000 0 -2.737161616
1556875 625000 0 -2.178789857
1615625 625000 0 -1.82915379
1674375 625000 0 -1.779437046
1733125 625000 0 -2.001319122
1791875 625000 0 -2.387842301
1850625 625000 0 -2.840732597
969375 675000 0 -4.74354137
1028125 675000 0 -5.022678332
1086875 675000 0 -5.039247036
1145625 675000 0 -4.967807765
1204375 675000 0 -4.971304037
1263125 675000 0 -5.04861348
1321875 675000 0 -5.035283295
1380625 675000 0 -4.756730772
1439375 675000 0 -4.178012976
1498125 675000 0 -3.410901246
1556875 675000 0 -2.646616361
1615625 675000 0 -2.068248659
1674375 675000 0 -1.801303607
1733125 675000 0 -1.865082277
1791875 675000 0 -2.161152766
1850625 675000 0 -2.581130059
969375 725000 0 -5.132181218
1028125 725000 0 -4.893586832
1086875 725000 0 -4.275331841
1145625 725000 0 -3.746504376
1204375 725000 0 -3.751260914
1263125 725000 0 -4.288139681
1321875 725000 0 -4.910437968
1380625 725000 0 -5.148787385
1439375 725000 0 -4.834822954
1498125 725000 0 -4.086050861
1556875 725000 0 -3.178273108
1615625 725000 0 -2.396595429
1674375 725000 0 -1.923983688
1733125 725000 0 -1.814518345
1791875 725000 0 -1.998814444
1850625 725000 0 -2.364684205
969375 775000 0 -4.761293216
1028125 775000 0 -3.371470328
1086875 775000 0 -1.308963609
1145625 775000 0 0.2890237492
1204375 775000 0 0.2820719249
1263125 775000 0 -1.326460706
1321875 775000 0 -3.392705034
1380625 775000 0 -4.780274598
1439375 775000 0 -5.133759178
1498125 775000 0 -4.630401445
1556875 775000 0 -3.69326449
1615625 775000 0 -2.754170744
1674375 775000 0 -2.106634853
1733125 775000 0 -1.832667995
1791875 775000 0 -1.899603672
1850625 775000 0 -2.198146895
29375 825000 0 -4.732110656
88125 825000 0 -4.634537922
146875 825000 0 -4.441437731
205625 825000 0 -4.159441755
264375 825000 0 -3.801169172
323125 825000 0 -3.384114198
381875 825000 0 -2.930248778
440625 825000 0 -2.474876037
29375 875000 0 -4.655336563
88125 875000 0 -4.55651975
146875 875000 0 -4.359778128
205625 875000 0 -4.070385358
264375 875000 0 -3.701520368
323125 875000 0 -3.274410079
381875 875000 0 -2.816250433
440625 875000 0 -2.368633016
29375 925000 0 -4.603616621
88125 925000 0 -4.50394257
146875 925000 0 -4.304512771
205625 925000 0 -4.009635006
264375 925000 0 -3.633384066
323125 925000 0 -3.200117053
381875 925000 0 -2.740629314
440625 925000 0 -2.300292548
29375 975000 0 -4.577556553
88125 975000 0 -4.477442179
146875 975000 0 -4.276576327
205625 975000 0 -3.97878045
264375 975000 0 -3.598774564
323125 975000 0 -3.162654948
381875 975000 0 -2.703017287
440625 975000 0 -2.26692414
29375 1025000 0 -4.577445978
88125 1025000 0 -4.477335702
146875 1025000 0 -4.276481245
205625 1025000 0 -3.978704928
264375 1025000 0 -3.598720119
323125 1025000 0 -3.162612807
381875 1025000 0 -2.702969413
440625 1025000 0 -2.266852862
29375 1075000 0 -4.60329163
88125 1075000 0 -4.503629043
146875 1075000 0 -4.30423122
205625 1075000 0 -4.009409948
264375 1075000 0 -3.633221932
323125 1075000 0 -3.199993322
381875 1075000 0 -2.740491742
440625 1075000 0 -2.300081365
29375 1125000 0 -4.654816059
88125 1125000 0 -4.556016119
146875 1125000 0 -4.359321801
205625 1125000 0 -4.07001568
264375 1125000 0 -3.701253657
323125 1125000 0 -3.274212211
381875 1125000 0 -2.816038088
440625 1125000 0 -2.368295818
29375 1175000 0 -4.731423667
88125 1175000 0 -4.633870531
146875 1175000 0 -4.44082608
205625 1175000 0 -4.158936419
264375 1175000 0 -3.80080093
323125 1175000 0 -3.383850671
381875 1175000 0 -2.929982263
440625 1175000 0 -2.474442526
499375 825000 0 -2.078084478
558125 825000 0 -1.847687846
616875 825000 0 -1.888502546
675625 825000 0 -2.296391394
734375 825000 0 -3.080012368
793125 825000 0 -4.10953032
851875 825000 0 -4.936965503
910625 825000 0 -4.922613024
499375 875000 0 -1.999515898
558125 875000 0 -1.829427695
616875 875000 0 -1.961249962
675625 875000 0 -2.469522407
734375 875000 0 -3.352247178
793125 875000 0 -4.40733756
851875 875000 0 -5.01706648
910625 875000 0 -4.27008991
499375 925000 0 -1.953028131
558125 925000 0 -1.826803736
616875 925000 0 -2.023459452
675625 925000 0 -2.596130002
734375 925000 0 -3.539835254
793125 925000 0 -4.576325921
851875 925000 0 -4.94312719
910625 925000 0 -3.414374575
499375 975000 0 -1.931683519
558125 975000 0 -1.828367938
616875 975000 0 -2.058625758
675625 975000 0 -2.6625122
734375 975000 0 -3.634705592
793125 975000 0 -4.64704346
851875 975000 0 -4.855070799
910625 975000 0 -2.797344902
499375 1025000 0 -1.931565367
558125 1025000 0 -1.828261036
616875 1025000 0 -2.058632887
675625 1025000 0 -2.662950346
734375 1025000 0 -3.635645313
793125 1025000 0 -4.649464557
851875 1025000 0 -4.859653389
910625 1025000 0 -2.805612312
499375 1075000 0 -1.952679828
558125 1075000 0 -1.82644728
616875 1075000 0 -2.023441401
675625 1075000 0 -2.597225531
734375 1075000 0 -3.542406985
793125 1075000 0 -4.582458643
851875 1075000 0 -4.955073033
910625 1075000 0 -3.435039286
499375 1125000 0 -1.998949024
558125 1125000 0 -1.828759002
616875 1125000 0 -1.961052235
675625 1125000 0 -2.470811722
734375 1125000 0 -3.355707139
793125 1125000 0 -4.414896033
851875 1125000 0 -5.031593379
910625 1125000 0 -4.293570494
499375 1175000 0 -2.077317783
558125 1175000 0 -1.846665035
616875 1175000 0 -1.887887231
675625 1175000 0 -2.297397004
734375 1175000 0 -3.083448101
793125 1175000 0 -4.116659853
851875 1175000 0 -4.949663126
910625 1175000 0 -4.941359487
29375 1225000 0 -4.832135544
88125 1225000 0 -4.736209345
146875 1225000 0 -4.547491642
205625 1225000 0 -4.274155317
264375 1225000 0 -3.929010935
323125 1225000 0 -3.526279927
381875 1225000 0 -3.081635968
440625 1225000 0 -2.621567041
499375 1225000 0 -2.196118009
558125 1225000 0 -1.896287548
616875 1225000 0 -1.828119281
675625 1225000 0 -2.101188353
734375 1225000 0 -2.748566915
793125 1225000 0 -3.688685256
851875 1225000 0 -4.627741863
910625 1225000 0 -5.131567145
29375 1275000 0 -4.955500417
88125 1275000 0 -4.861610922
146875 1275000 0 -4.677752896
205625 1275000 0 -4.413455347
264375 1275000 0 -4.082490177
323125 1275000 0 -3.697419803
381875 1275000 0 -3.268061887
440625 1275000 0 -2.810665676
499375 1275000 0 -2.362543726
558125 1275000 0 -1.99550593
616875 1275000 0 -1.810095366
675625 1275000 0 -1.918669876
734375 1275000 0 -2.390895101
793125 1275000 0 -3.172643857
851875 1275000 0 -4.080680431
910625 1275000 0 -4.828919976
29375 1325000 0 -5.099493908
88125 1325000 0 -5.008094224
146875 1325000 0 -4.829619858
205625 1325000 0 -4.574469545
264375 1325000 0 -4.25766204
323125 1325000 0 -3.891949409
381875 1325000 0 -3.483285459
440625 1325000 0 -3.038053677
499375 1325000 0 -2.578879272
558125 1325000 0 -2.157805387
616875 1325000 0 -1.860668522
675625 1325000 0 -1.796110209
734375 1325000 0 -2.062653001
793125 1325000 0 -2.640908181
851875 1325000 0 -3.404970575
910625 1325000 0 -4.171436039
29375 1375000 0 -5.261432458
88125 1375000 0 -5.172997658
146875 1375000 0 -5.000487256
205625 1375000 0 -4.754511786
264375 1375000 0 -4.450981009
323125 1375000 0 -4.104045905
381875 1375000 0 -3.718701166
440625 1375000 0 -3.294030049
499375 1375000 0 -2.838404377
558125 1375000 0 -2.384428819
616875 1375000 0 -1.996802767
675625 1375000 0 -1.774161922
734375 1375000 0 -1.823551708
793125 1375000 0 -2.173190126
851875 1375000 0 -2.731518735
910625 1375000 0 -3.368093019
29375 1425000 0 -5.4379361
88125 1425000 0 -5.352909558
146875 1425000 0 -5.186966191
205625 1425000 0 -4.950290357
264375 1425000 0 -4.658858184
323125 1425000 0 -4.328269932
381875 1425000 0 -3.964959162
440625 1425000 0 -3.564755223
499375 1425000 0 -3.124893518
558125 1425000 0 -2.660506005
616875 1425000 0 -2.214423744
675625 1425000 0 -1.867133108
734375 1425000 0 -1.721895219
793125 1425000 0 -1.83782528
851875 1425000 0 -2.172240762
910625 1425000 0 -2.619927895
29375 1475000 0 -5.62497819
88125 1475000 0 -5.543701383
146875 1475000 0 -5.3848389
205625 1475000 0 -5.157684043
264375 1475000 0 -4.877362247
323125 1475000 0 -4.560007821
381875 1475000 0 -4.214341219
440625 1475000 0 -3.83685979
499375 1475000 0 -3.418603215
558125 1475000 0 -2.960917756
616875 1475000 0 -2.487794465
675625 1475000 0 -2.057707326
734375 1475000 0 -1.762768021
793125 1475000 0 -1.673323784
851875 1475000 0 -1.785976001
910625 1475000 0 -2.036506704
29375 1525000 0 -5.818042642
88125 1525000 0 -5.740686834
146875 1525000 0 -5.589186725
205625 1525000 0 -5.371724389
264375 1525000 0 -5.101917076
323125 1525000 0 -4.795213062
381875 1525000 0 -4.461951692
440625 1525000 0 -4.101552146
499375 1525000 0 -3.704245911
558125 1525000 0 -3.262700557
616875 1525000 0 -2.786070355
675625 1525000 0 -2.312727746
734375 1525000 0 -1.916753298
793125 1525000 0 -1.670759435
851875 1525000 0 -1.592329233
910625 1525000 0 -1.647551354
29375 1575000 0 -6.012360106
88125 1575000 0 -5.938875539
146875 1575000 0 -5.794662155
205625 1575000 0 -5.586805801
264375 1575000 0 -5.327190883
323125 1575000 0 -5.029694139
381875 1575000 0 -4.704924435
440625 1575000 0 -4.355331048
499375 1575000 0 -3.974221782
558125 1575000 0 -3.551787694
616875 1575000 0 -3.087157672
675625 1575000 0 -2.602408228
734375 1575000 0 -2.151845347
793125 1575000 0 -1.800772502
851875 1575000 0 -1.579710838
910625 1575000 0 -1.474882395
969375 825000 0 -3.352483762
1028125 825000 0 0.2863506203
1086875 825000 0 5.747119702
1145625 825000 0 10.39428918
1204375 825000 0 10.39032855
1263125 825000 0 5.73356711
1321875 825000 0 0.2649083028
1380625 825000 0 -3.371051557
1439375 825000 0 -4.93552066
1498125 825000 0 -4.94673049
1556875 825000 0 -4.118762672
1615625 825000 0 -3.088530301
1674375 825000 0 -2.302855428
1733125 825000 0 -1.892604346
1791875 825000 0 -1.849995442
1850625 825000 0 -2.079240022
969375 875000 0 -0.944808656
1028125 875000 0 6.86192357
1086875 875000 0 20.78169658
1145625 875000 0 33.35142406
1204375 875000 0 33.33706981
1263125 875000 0 20.76437709
1321875 875000 0 6.836324426
1380625 875000 0 -0.9651885834
1439375 875000 0 -4.278136858
1498125 875000 0 -5.021628169
1556875 875000 0 -4.413631089
1615625 875000 0 -3.359990997
1674375 875000 0 -2.476168887
1733125 875000 0 -1.965899807
1791875 875000 0 -1.832061071
1850625 875000 0 -2.000752467
969375 925000 0 1.946801158
1028125 925000 0 16.36780022
1086875 925000 0 41.77415294
1145625 925000 0 60.94475636
1204375 925000 0 60.84856852
1263125 925000 0 41.59362717
1321875 925000 0 16.25283276
1380625 925000 0 1.914010629
1439375 925000 0 -3.41620435
1498125 925000 0 -4.940662508
1556875 925000 0 -4.57851979
1615625 925000 0 -3.54616585
1674375 925000 0 -2.602491524
1733125 925000 0 -2.028356443
1791875 925000 0 -1.829640971
1850625 925000 0 -1.954317311
969375 975000 0 4.072967831
1028125 975000 0 24.33787062
1086875 975000 0 56.22705737
1145625 975000 0 76.97891944
1204375 975000 0 76.81426807
1263125 975000 0 55.81959066
1321875 975000 0 24.00307975
1380625 975000 0 4.009353332
1439375 975000 0 -2.792347642
1498125 975000 0 -4.846149488
1556875 975000 0 -4.645266258
1615625 975000 0 -3.639629354
1674375 975000 0 -2.668317264
1733125 975000 0 -2.063531102
1791875 975000 0 -1.831244177
1850625 975000 0 -1.932944832
969375 1025000 0 4.078661334
1028125 1025000 0 24.41126525
1086875 1025000 0 56.25139489
1145625 1025000 0 76.94507655
1204375 1025000 0 76.75547519
1263125 1025000 0 55.75375534
1321875 1025000 0 23.96702707
1380625 1025000 0 4.000654494
969375 1075000 0 1.945996715
1028125 1075000 0 16.46820062
1086875 1075000 0 41.81024577
1145625 1075000 0 60.84133198
1204375 1075000 0 60.66876879
1263125 1075000 0 41.42798024
1321875 1075000 0 16.17813576
1380625 1075000 0 1.893254073
969375 1125000 0 -0.9629503858
1028125 1125000 0 6.871059731
1086875 1125000 0 20.74061355
1145625 1125000 0 33.18434775
1204375 1125000 0 33.108727
1263125 1125000 0 20.6037105
1321875 1125000 0 6.773181501
1380625 1125000 0 -0.9873787276
969375 1175000 0 -3.370124649
1028125 1175000 0 0.2700095084
1086875 1175000 0 5.703755181
1145625 1175000 0 10.29882513
1204375 1175000 0 10.28012657
1263125 1175000 0 5.66079533
1321875 1175000 0 0.2291787061
1380625 1175000 0 -3.387026287
1439375 1025000 0 -2.795446534
1498125 1025000 0 -4.847045857
1556875 1025000 0 -4.64559516
1615625 1025000 0 -3.639672104
1674375 1025000 0 -2.668228932
1733125 1025000 0 -2.063362508
1791875 1025000 0 -1.831013841
1850625 1025000 0 -1.93268038
1439375 1075000 0 -3.42372183
1498125 1075000 0 -4.942962777
1556875 1075000 0 -4.579311916
1615625 1075000 0 -3.54623922
1674375 1075000 0 -2.602184515
1733125 1075000 0 -2.027827423
1791875 1075000 0 -1.828930569
1850625 1075000 0 -1.953517648
1439375 1125000 0 -4.286417239
1498125 1125000 0 -5.024345611
1556875 1125000 0 -4.414476016
1615625 1125000 0 -3.359933337
1674375 1125000 0 -2.475543746
1733125 1125000 0 -1.964931748
1791875 1125000 0 -1.830820663
1850625 1125000 0 -1.999398552
1439375 1175000 0 -4.941840806
1498125 1175000 0 -4.948891507
1556875 1175000 0 -4.119293443
1615625 1175000 0 -3.088126061
1674375 1175000 0 -2.301784257
1733125 1175000 0 -1.891066575
1791875 1175000 0 -1.848157422
1850625 1175000 0 -2.077310948
969375 1225000 0 -4.77454007
1028125 1225000 0 -3.385409131
1086875 1225000 0 -1.331288947
1145625 1225000 0 0.2542721327
1204375 1225000 0 0.2431787441
1263125 1225000 0 -1.3567857
1321875 1225000 0 -3.410660989
1380625 1225000 0 -4.78917811
1439375 1225000 0 -5.137447769
1498125 1225000 0 -4.63159105
1556875 1225000 0 -3.693234554
1615625 1225000 0 -2.753221335
1674375 1225000 0 -2.104948423
1733125 1225000 0 -1.83041327
1791875 1225000 0 -1.897098952
1850625 1225000 0 -2.195638399
969375 1275000 0 -5.140977994
1028125 1275000 0 -4.902610319
1086875 1275000 0 -4.287268905
1145625 1275000 0 -3.762696414
1204375 1275000 0 -3.768517724
1263125 1275000 0 -4.30169956
1321875 1275000 0 -4.918692948
1380625 1275000 0 -5.152897296
1439375 1275000 0 -4.836405009
1498125 1275000 0 -4.086250247
1556875 1275000 0 -3.177514213
1615625 1275000 0 -2.394910761
1674375 1275000 0 -1.921458603
1733125 1275000 0 -1.811426948
1791875 1275000 0 -1.995607339
1850625 1275000 0 -2.361629013
969375 1325000 0 -4.749177688
1028125 1325000 0 -5.028038984
1086875 1325000 0 -5.045015864
1145625 1325000 0 -4.97427367
1204375 1325000 0 -4.977670403
1263125 1325000 0 -5.053609281
1321875 1325000 0 -5.038247852
1380625 1325000 0 -4.757982648
1439375 1325000 0 -4.178106309
1498125 1325000 0 -3.410130022
1556875 1325000 0 -2.644962161
1615625 1325000 0 -2.065588543
1674375 1325000 0 -1.797723205
1733125 1325000 0 -1.861106703
1791875 1325000 0 -2.157288082
1850625 1325000 0 -2.577618371
969375 1375000 0 -3.951562912
1028125 1375000 0 -4.380741053
1086875 1375000 0 -4.623964837
1145625 1375000 0 -4.719965942
1204375 1375000 0 -4.721889033
1263125 1375000 0 -4.628985757
1321875 1375000 0 -4.387085356
1380625 1375000 0 -3.957560295
1439375 1375000 0 -3.373009473
1498125 1375000 0 -2.735338833
1556875 1375000 0 -2.17600517
1615625 1375000 0 -1.825243637
1674375 1375000 0 -1.774730788
1733125 1375000 0 -1.996542936
1791875 1375000 0 -2.383472464
1850625 1375000 0 -2.836915655
969375 1425000 0 -3.078554684
1028125 1425000 0 -3.466580239
1086875 1425000 0 -3.73357241
1145625 1425000 0 -3.865630499
1204375 1425000 0 -3.866754139
1263125 1425000 0 -3.736524194
1321875 1425000 0 -3.470395896
1380625 1425000 0 -3.082315373
1439375 1425000 0 -2.623142364
1498125 1425000 0 -2.174749079
1556875 1425000 0 -1.8394602
1615625 1425000 0 -1.722553234
1674375 1425000 0 -1.867018208
1733125 1425000 0 -2.21371892
1791875 1425000 0 -2.659286545
1850625 1425000 0 -3.123283176
969375 1475000 0 -2.339913815
1028125 1475000 0 -2.622097097
1086875 1475000 0 -2.832107762
1145625 1475000 0 -2.94235435
1204375 1475000 0 -2.942971903
1263125 1475000 0 -2.833773484
1321875 1475000 0 -2.624361796
1380625 1475000 0 -2.342297603
1439375 1475000 0 -2.03861665
1498125 1475000 0 -1.787483629
1556875 1475000 0 -1.674056792
1615625 1475000 0 -1.762801978
1674375 1475000 0 -2.057196169
1733125 1475000 0 -2.486818075
1791875 1475000 0 -2.959536031
1850625 1475000 0 -3.416933578
969375 1525000 0 -1.783340936
1028125 1525000 0 -1.943616496
1086875 1525000 0 -2.078793924
1145625 1525000 0 -2.154789947
1204375 1525000 0 -2.155187555
1263125 1525000 0 -2.079883175
1321875 1525000 0 -1.945116969
1380625 1525000 0 -1.784871325
1439375 1525000 0 -1.648753206
1498125 1525000 0 -1.592997107
1556875 1525000 0 -1.670862077
1615625 1525000 0 -1.916359497
1674375 1525000 0 -2.311907661
1733125 1525000 0 -2.784866303
1791875 1525000 0 -3.26118828
1850625 1525000 0 -3.702538851
969375 1575000 0 -1.452555252
1028125 1575000 0 -1.476928341
1086875 1575000 0 -1.515618273
1145625 1575000 0 -1.542562318
1204375 1575000 0 -1.542773735
1263125 1575000 0 -1.516179669
1321875 1575000 0 -1.477645029
1380625 1575000 0 -1.453182085
1439375 1575000 0 -1.47521595
1498125 1575000 0 -1.579652304
1556875 1575000 0 -1.800323455
1615625 1575000 0 -2.151039608
1674375 1575000 0 -2.601269624
1733125 1575000 0 -3.085730518
1791875 1575000 0 -3.550159661
1850625 1575000 0 -3.972482973
1909375 25000 0 -5.640681174
1968125 25000 0 -5.946274345
2026875 25000 0 -6.223535418
2085625 25000 0 -6.472213735
2144375 25000 0 -6.687428018
2203125 25000 0 -6.859425457
2261875 25000 0 -6.978318242
2320625 25000 0 -7.038531538
1909375 75000 0 -5.597375081
1968125 75000 0 -5.905574499
2026875 75000 0 -6.18504651
2085625 75000 0 -6.435323844
2144375 75000 0 -6.651501966
2203125 75000 0 -6.824030845
2261875 75000 0 -6.9432531
2320625 75000 0 -7.003656546
1909375 125000 0 -5.512091969
1968125 125000 0 -5.82511209
2026875 125000 0 -6.108807333
2085625 125000 0 -6.362259294
2144375 125000 0 -6.580458371
2203125 125000 0 -6.754169456
2261875 125000 0 -6.87412618
2320625 125000 0 -6.934934884
1909375 175000 0 -5.387583075
1968125 175000 0 -5.706893746
2026875 175000 0 -5.996446317
2085625 175000 0 -6.254609745
2144375 175000 0 -6.476078032
2203125 175000 0 -6.65187785
2261875 175000 0 -6.773159094
2320625 175000 0 -6.834668118
1909375 225000 0 -5.228109055
1968125 225000 0 -5.554198647
2026875 225000 0 -5.85070579
2085625 225000 0 -6.11503303
2144375 225000 0 -6.341256
2203125 225000 0 -6.520403059
2261875 225000 0 -6.643884612
2320625 225000 0 -6.706532499
1909375 275000 0 -5.039308945
1968125 275000 0 -5.371706978
2026875 275000 0 -5.675605033
2085625 275000 0 -5.947334491
2144375 275000 0 -6.179943629
2203125 275000 0 -6.364004363
2261875 275000 0 -6.490845484
2320625 275000 0 -6.555227422
1909375 325000 0 -4.827565893
1968125 325000 0 -5.16531995
2026875 325000 0 -5.476396159
2085625 325000 0 -5.756365832
2144375 325000 0 -5.996900595
2203125 325000 0 -6.18753572
2261875 325000 0 -6.319033702
2320625 325000 0 -6.385833589
1909375 375000 0 -4.598742005
1968125 375000 0 -4.94145863
2026875 375000 0 -5.259210733
2085625 375000 0 -5.547780694
2144375 375000 0 -5.797424414
2203125 375000 0 -5.996097769
2261875 375000 0 -6.133461093
2320625 375000 0 -6.203332104
1909375 425000 0 -4.356727913
1968125 425000 0 -4.705925221
2026875 425000 0 -5.030417367
2085625 425000 0 -5.327710285
2144375 425000 0 -5.587173656
2203125 425000 0 -5.794921139
2261875 425000 0 -5.939064106
2320625 425000 0 -6.012514187
1909375 475000 0 -4.103004465
1968125 475000 0 -4.462951498
2026875 475000 0 -4.795905447
2085625 475000 0 -5.102389701
2144375 475000 0 -5.37203494
2203125 475000 0 -5.589381421
2261875 475000 0 -5.74080703
2320625 475000 0 -5.818126577
1909375 525000 0 -3.838358695
1968125 525000 0 -4.215326839
2026875 525000 0 -4.56065043
2085625 525000 0 -4.877765858
2144375 525000 0 -5.157914267
2203125 525000 0 -5.384946178
2261875 525000 0 -5.54373038
2320625 525000 0 -5.624969361
1909375 575000 0 -3.566269531
1968125 575000 0 -3.965909484
2026875 575000 0 -4.328843166
2085625 575000 0 -4.659171661
2144375 575000 0 -4.950418014
2203125 575000 0 -5.186963105
2261875 575000 0 -5.352823805
2320625 575000 0 -5.437810925
1909375 625000 0 -3.295508646
1968125 625000 0 -3.719584945
2026875 625000 0 -4.104527798
2085625 625000 0 -4.451184637
2144375 625000 0 -4.754515972
2203125 625000 0 -5.000351581
2261875 625000 0 -5.172774174
2320625 625000 0 -5.261167468
1909375 675000 0 -3.039440398
1968125 675000 0 -3.484065675
2026875 675000 0 -3.892316586
2085625 675000 0 -4.257737442
2144375 675000 0 -4.574331673
2203125 675000 0 -4.829330998
2261875 675000 0 -5.00771089
2320625 675000 0 -5.099066161
1909375 725000 0 -2.811916593
1968125 725000 0 -3.268702209
2026875 725000 0 -3.697648596
2085625 725000 0 -4.082420002
2144375 725000 0 -4.413158626
2203125 725000 0 -4.67729188
2261875 725000 0 -4.861046552
2320625 725000 0 -4.954887694
1909375 775000 0 -2.622654707
1968125 775000 0 -3.082104643
2026875 775000 0 -3.526344819
2085625 775000 0 -3.928776641
2144375 775000 0 -4.273683268
2203125 775000 0 -4.546840508
2261875 775000 0 -4.735443897
2320625 775000 0 -4.831316473
1909375 825000 0 -2.475345948
1968125 825000 0 -2.930254878
2026875 825000 0 -3.383725548
2085625 825000 0 -3.800381574
2144375 825000 0 -4.158271782
2203125 825000 0 -4.439968158
1909375 875000 0 -2.368988107
1968125 875000 0 -2.816091693
2026875 875000 0 -3.273871605
2085625 875000 0 -3.700626837
2144375 875000 0 -4.069139993
2203125 875000 0 -4.358241289
1909375 925000 0 -2.30052575
1968125 925000 0 -2.74030163
2026875 925000 0 -3.199413428
2085625 925000 0 -3.632366074
1909375 975000 0 -2.267005605
1968125 975000 0 -2.702507496
2026875 975000 0 -3.161773591
2085625 975000 0 -3.597617029
2261875 825000 0 -4.63288598
2320625 825000 0 -4.730379275
2261875 875000 0 -4.554797266
2320625 875000 0 -4.653530978
2144375 925000 0 -4.008305429
2203125 925000 0 -4.302914451
2261875 925000 0 -4.502164692
2320625 925000 0 -4.60175604
2144375 975000 0 -3.977356916
2203125 975000 0 -4.274918149
2261875 975000 0 -4.475620541
2320625 975000 0 -4.575657261
1909375 1025000 0 -2.266740055
1968125 1025000 0 -2.702256584
2026875 1025000 0 -3.161544076
2085625 1025000 0 -3.597413588
2144375 1025000 0 -3.977180489
2203125 1025000 0 -4.274763426
2261875 1025000 0 -4.475479033
2320625 1025000 0 -4.575521311
1909375 1075000 0 -2.299729826
1968125 1075000 0 -2.739553318
2026875 1075000 0 -3.198732167
2085625 1075000 0 -3.631763933
2144375 1075000 0 -4.007783209
2203125 1075000 0 -4.302455638
2261875 1075000 0 -4.501744468
2320625 1075000 0 -4.601352289
1909375 1125000 0 -2.367664244
1968125 1125000 0 -2.814860138
2026875 1125000 0 -3.272760648
2085625 1125000 0 -3.699649887
2144375 1125000 0 -4.068292151
2203125 1125000 0 -4.357493643
2261875 1125000 0 -4.554110532
2320625 1125000 0 -4.652870943
1909375 1175000 0 -2.47350439
1968125 1175000 0 -2.928568118
2026875 1175000 0 -3.382222552
2085625 1175000 0 -3.799067298
2144375 1175000 0 -4.15712864
2203125 1175000 0 -4.438954327
2261875 1175000 0 -4.631951404
2320625 1175000 0 -4.729480527
1909375 1225000 0 -2.620324644
1968125 1225000 0 -3.080011046
2026875 1225000 0 -3.524502886
2085625 1225000 0 -3.92717225
2144375 1225000 0 -4.272281065
2203125 1225000 0 -4.545588321
2261875 1225000 0 -4.734285572
2320625 1225000 0 -4.830201921
1909375 1275000 0 -2.80915944
1968125 1275000 0 -3.266273379
2026875 1275000 0 -3.695533102
2085625 1275000 0 -4.080576998
2144375 1275000 0 -4.411536156
2203125 1275000 0 -4.675833116
2261875 1275000 0 -4.859693192
2320625 1275000 0 -4.953584702
1909375 1325000 0 -3.036357838
1968125 1325000 0 -3.481393249
2026875 1325000 0 -3.889998007
2085625 1325000 0 -4.255707004
2144375 1325000 0 -4.572529509
2203125 1325000 0 -4.827701231
2261875 1325000 0 -5.006195333
2320625 1325000 0 -5.097606479
1909375 1375000 0 -3.292230523
1968125 1375000 0 -3.716766287
2026875 1375000 0 -4.102073164
2085625 1375000 0 -4.44901544
2144375 1375000 0 -4.752575747
2203125 1375000 0 -4.998588853
2261875 1375000 0 -5.171132043
2320625 1375000 0 -5.25958544
1909375 1425000 0 -3.562922217
1968125 1425000 0 -3.963028422
2026875 1425000 0 -4.326309714
2085625 1425000 0 -4.656909885
2144375 1425000 0 -4.948381752
2203125 1425000 0 -5.185107141
2261875 1425000 0 -5.351092301
2320625 1425000 0 -5.436142092
1909375 1475000 0 -3.835032931
1968125 1475000 0 -4.212440274
2026875 1475000 0 -4.558082317
2085625 1475000 0 -4.875454154
2144375 1475000 0 -5.155823961
2203125 1475000 0 -5.383036468
2261875 1475000 0 -5.541946268
2320625 1475000 0 -5.623248862
1909375 1525000 0 -4.099742405
1968125 1525000 0 -4.460089252
2026875 1525000 0 -4.79333611
2085625 1525000 0 -5.10006652
2144375 1525000 0 -5.36992938
2203125 1525000 0 -5.58745431
2261875 1525000 0 -5.739004321
2320625 1525000 0 -5.816386766
1909375 1575000 0 -4.353535295
1968125 1575000 0 -4.703100619
2026875 1575000 0 -5.027873187
2085625 1575000 0 -5.325408037
2144375 1575000 0 -5.585085076
2203125 1575000 0 -5.793006565
2261875 1575000 0 -5.93727023
2320625 1575000 0 -6.010781175
29375 1625000 0 -6.203128774
88125 1625000 0 -6.133225332
146875 1625000 0 -5.995796212
205625 1625000 0 -5.797021287
264375 1625000 0 -5.547235749
323125 1625000 0 -5.258474839
381875 1625000 0 -4.940466476
440625 1625000 0 -4.597396069
499375 1625000 0 -4.226729206
558125 1625000 0 -3.821331445
616875 1625000 0 -3.376696871
675625 1625000 0 -2.903324973
734375 1625000 0 -2.437434781
793125 1625000 0 -2.031501372
851875 1625000 0 -1.720696749
910625 1625000 0 -1.505699329
29375 1675000 0 -6.385599221
88125 1675000 0 -6.318769136
146875 1675000 0 -6.18721039
205625 1675000 0 -5.996481395
264375 1675000 0 -5.755813936
323125 1675000 0 -5.475663449
381875 1675000 0 -5.164344408
440625 1675000 0 -4.82626249
499375 1675000 0 -4.461913638
558125 1675000 0 -4.068838135
616875 1675000 0 -3.644690225
675625 1675000 0 -3.194742846
734375 1675000 0 -2.741008328
793125 1675000 0 -2.32080849
851875 1675000 0 -1.967094694
910625 1675000 0 -1.690832608
29375 1725000 0 -6.554976795
88125 1725000 0 -6.490567078
146875 1725000 0 -6.363670362
205625 1725000 0 -6.179523205
264375 1725000 0 -5.94678969
323125 1725000 0 -5.674887055
381875 1725000 0 -5.370753724
440625 1725000 0 -5.038040645
499375 1725000 0 -4.67853683
558125 1725000 0 -4.293701464
616875 1725000 0 -3.885853313
675625 1725000 0 -3.460822793
734375 1725000 0 -3.032462333
793125 1725000 0 -2.624255626
851875 1725000 0 -2.261538099
910625 1725000 0 -1.959368889
29375 1775000 0 -6.706276629
88125 1775000 0 -6.64360346
146875 1775000 0 -6.520070952
205625 1775000 0 -6.340843777
264375 1775000 0 -6.114503367
323125 1775000 0 -5.850008876
381875 1775000 0 -5.553270342
440625 1775000 0 -5.226870259
499375 1775000 0 -4.872642568
558125 1775000 0 -4.494244274
616875 1775000 0 -4.098072777
675625 1775000 0 -3.693101069
734375 1775000 0 -3.290885725
793125 1775000 0 -2.905940868
851875 1775000 0 -2.554516187
910625 1775000 0 -2.250188504
29375 1825000 0 -6.834413595
88125 1825000 0 -6.772881364
146875 1825000 0 -6.651553058
205625 1825000 0 -6.475678269
264375 1825000 0 -6.254097986
323125 1825000 0 -5.995771308
381875 1825000 0 -5.705989063
440625 1825000 0 -5.386368973
499375 1825000 0 -5.038237011
558125 1825000 0 -4.666044787
616875 1825000 0 -4.278549328
675625 1825000 0 -3.887572398
734375 1825000 0 -3.505488615
793125 1825000 0 -3.14334797
851875 1825000 0 -2.810945252
910625 1825000 0 -2.517518076
29375 1875000 0 -6.934684577
88125 1875000 0 -6.873854038
146875 1875000 0 -6.753853116
205625 1875000 0 -6.580071037
264375 1875000 0 -6.361763848
323125 1875000 0 -6.10815115
381875 1875000 0 -5.824227105
440625 1875000 0 -5.510897611
499375 1875000 0 -5.168891804
558125 1875000 0 -4.802709207
616875 1875000 0 -4.422056142
675625 1875000 0 -4.040339501
734375 1875000 0 -3.671261737
793125 1875000 0 -3.325651387
851875 1875000 0 -3.010752392
910625 1875000 0 -2.732203851
29375 1925000 0 -7.003410374
88125 1925000 0 -6.942985867
146875 1925000 0 -6.823721263
205625 1925000 0 -6.65112408
264375 1925000 0 -6.434840356
323125 1925000 0 -6.184403916
381875 1925000 0 -5.904703484
440625 1925000 0 -5.596194657
499375 1925000 0 -5.259141299
558125 1925000 0 -4.897850621
616875 1925000 0 -4.522249623
675625 1925000 0 -4.146350434
734375 1925000 0 -3.784669879
793125 1925000 0 -3.44868754
851875 1925000 0 -3.145454245
910625 1925000 0 -2.879108876
29375 1975000 0 -7.038287721
88125 1975000 0 -6.978053682
146875 1975000 0 -6.859119526
205625 1975000 0 -6.68705534
264375 1975000 0 -6.47173669
323125 1975000 0 -6.222899827
381875 1975000 0 -5.945410543
440625 1975000 0 -5.639508103
499375 1975000 0 -5.305209344
558125 1975000 0 -4.946668656
616875 1975000 0 -4.573807297
675625 1975000 0 -4.200787137
734375 1975000 0 -3.842433804
793125 1975000 0 -3.510669089
851875 1975000 0 -3.212883586
910625 1975000 0 -2.952975754
969375 1625000 0 -1.367620366
1028125 1625000 0 -1.285708179
1086875 1625000 0 -1.24271062
1145625 1625000 0 -1.225192921
1204375 1625000 0 -1.225237746
1263125 1625000 0 -1.242803171
1321875 1625000 0 -1.285743334
1380625 1625000 0 -1.36748241
969375 1675000 0 -1.485153549
1028125 1675000 0 -1.339062897
1086875 1675000 0 -1.24485775
1145625 1675000 0 -1.198556779
1204375 1675000 0 -1.198484186
1263125 1675000 0 -1.244627833
1321875 1675000 0 -1.338646733
1380625 1675000 0 -1.484522572
969375 1725000 0 -1.720175788
1028125 1725000 0 -1.541259164
1086875 1725000 0 -1.42115611
1145625 1725000 0 -1.360527763
1204375 1725000 0 -1.360392543
1263125 1725000 0 -1.420750435
1321875 1725000 0 -1.540586258
1380625 1725000 0 -1.719247358
969375 1775000 0 -2.000444414
1028125 1775000 0 -1.808583231
1086875 1775000 0 -1.677494984
1145625 1775000 0 -1.610629077
1204375 1775000 0 -1.61045755
1263125 1775000 0 -1.676987212
1321875 1775000 0 -1.807760004
1380625 1775000 0 -1.999338317
969375 1825000 0 -2.271242377
1028125 1825000 0 -2.078808564
1086875 1825000 0 -1.946059568
1145625 1825000 0 -1.878045507
1204375 1825000 0 -1.877853465
1263125 1825000 0 -1.945493459
1321875 1825000 0 -2.07789714
1380625 1825000 0 -2.270028518
969375 1875000 0 -2.496237339
1028125 1875000 0 -2.310028777
1086875 1875000 0 -2.180753122
1145625 1875000 0 -2.114323359
1204375 1875000 0 -2.114119376
1263125 1875000 0 -2.180152802
1321875 1875000 0 -2.309065345
1380625 1875000 0 -2.494960136
969375 1925000 0 -2.653850179
1028125 1925000 0 -2.475657961
1086875 1925000 0 -2.351563246
1145625 1925000 0 -2.287669875
1204375 1925000 0 -2.287459584
1263125 1925000 0 -2.350944684
1321875 1925000 0 -2.474666744
1380625 1925000 0 -2.652539386
969375 1975000 0 -2.734165673
1028125 1975000 0 -2.561320084
1086875 1975000 0 -2.440865057
1145625 1975000 0 -2.378777398
1204375 1975000 0 -2.37856431
1263125 1975000 0 -2.440238828
1321875 1975000 0 -2.560317235
1380625 1975000 0 -2.732840992
1439375 1625000 0 -1.505313384
1498125 1625000 0 -1.720037738
1556875 1625000 0 -2.030571718
1615625 1625000 0 -2.436242461
1674375 1625000 0 -2.901891581
1733125 1625000 0 -3.37508139
1791875 1625000 0 -3.819611967
1850625 1625000 0 -4.224962716
1439375 1675000 0 -1.689973311
1498125 1675000 0 -1.966010518
1556875 1675000 0 -2.319510957
1615625 1675000 0 -2.739513361
1674375 1675000 0 -3.193089368
1733125 1675000 0 -3.642943106
1791875 1675000 0 -4.067055562
1850625 1675000 0 -4.460128002
1439375 1725000 0 -1.958206961
1498125 1725000 0 -2.260168732
1556875 1725000 0 -2.622704997
1615625 1725000 0 -3.030764705
1674375 1725000 0 -3.459031072
1733125 1725000 0 -3.884026451
1791875 1725000 0 -4.291881442
1850625 1725000 0 -4.676744462
1439375 1775000 0 -2.24883953
1498125 1775000 0 -2.552965282
1556875 1775000 0 -2.904230679
1615625 1775000 0 -3.28906741
1674375 1775000 0 -3.691232312
1733125 1775000 0 -4.096204048
1791875 1775000 0 -4.492408506
1850625 1775000 0 -4.870856386
1439375 1825000 0 -2.516053115
1498125 1825000 0 -2.809283367
1556875 1825000 0 -3.141545975
1615625 1825000 0 -3.503606238
1674375 1825000 0 -3.885666052
1733125 1825000 0 -4.276664095
1791875 1825000 0 -4.664209738
1850625 1825000 0 -5.036466282
1439375 1875000 0 -2.730671535
1498125 1875000 0 -3.00902884
1556875 1875000 0 -3.323802348
1615625 1875000 0 -3.669349847
1674375 1875000 0 -4.038419186
1733125 1875000 0 -4.420169643
1791875 1875000 0 -4.800883781
1850625 1875000 0 -5.167139753
1439375 1925000 0 -2.877542088
1498125 1925000 0 -3.14370073
1556875 1925000 0 -3.446817265
1615625 1925000 0 -3.782746728
1674375 1925000 0 -4.144427729
1733125 1925000 0 -4.520368121
1791875 1925000 0 -4.896036365
1850625 1925000 0 -5.25740491
1439375 1975000 0 -2.951395248
1498125 1975000 0 -3.21111866
1556875 1975000 0 -3.508791113
1615625 1975000 0 -3.840507387
1674375 1975000 0 -4.198865285
1733125 1975000 0 -4.571930015
1791875 1975000 0 -4.94486128
1850625 1975000 0 -5.303481419
1909375 1625000 0 -4.595610546
1968125 1625000 0 -4.938680659
2026875 1625000 0 -5.256712894
2085625 1625000 0 -5.545524077
2144375 1625000 0 -5.795376094
2203125 1625000 0 -5.994216139
2261875 1625000 0 -6.131694189
2320625 1625000 0 -6.201622843
1909375 1675000 0 -4.824489532
1968125 1675000 0 -5.162597814
2026875 1675000 0 -5.47395975
2085625 1675000 0 -5.754169814
2144375 1675000 0 -5.994905248
2203125 1675000 0 -6.185697064
2261875 1675000 0 -6.317301725
2320625 1675000 0 -6.38415501
1909375 1725000 0 -5.036286751
1968125 1725000 0 -5.369047249
2026875 1725000 0 -5.673236614
2085625 1725000 0 -5.945203387
2144375 1725000 0 -6.178003187
2203125 1725000 0 -6.362208778
2261875 1725000 0 -6.489147224
2320625 1725000 0 -6.55357766
1909375 1775000 0 -5.225141155
1968125 1775000 0 -5.551602108
2026875 1775000 0 -5.84840346
2085625 1775000 0 -6.112962137
2144375 1775000 0 -6.339364326
2203125 1775000 0 -6.518643912
2261875 1775000 0 -6.642213141
2320625 1775000 0 -6.704904502
1909375 1825000 0 -5.384666903
1968125 1825000 0 -5.704354509
2026875 1825000 0 -5.994200986
2085625 1825000 0 -6.25258882
2144375 1825000 0 -6.474224947
2203125 1825000 0 -6.65014555
2261875 1825000 0 -6.771505722
2320625 1825000 0 -6.833053788
1909375 1875000 0 -5.509220133
1968125 1875000 0 -5.822619344
2026875 1875000 0 -6.106606207
2085625 1875000 0 -6.36027576
2144375 1875000 0 -6.578632908
2203125 1875000 0 -6.752455013
2261875 1875000 0 -6.872483731
2320625 1875000 0 -6.933328047
1909375 1925000 0 -5.594535265
1968125 1925000 0 -5.903114103
2026875 1925000 0 -6.182875382
2085625 1925000 0 -6.433364975
2144375 1925000 0 -6.649694014
2203125 1925000 0 -6.822327132
2261875 1925000 0 -6.941616621
2320625 1925000 0 -7.002053416
1909375 1975000 0 -5.637857953
1968125 1975000 0 -5.943830389
2026875 1975000 0 -6.221379427
2085625 1975000 0 -6.47026713
2144375 1975000 0 -6.685628588
2203125 1975000 0 -6.857726754
2261875 1975000 0 -6.976684365
2320625 1975000 0 -7.036929914
