# x y z bottom topography
29375 25000 0 -1.43843911
88125 25000 0 -1.433886485
146875 25000 0 -1.425373481
205625 25000 0 -1.413992494
264375 25000 0 -1.401053773
323125 25000 0 -1.387722261
381875 25000 0 -1.37483438
440625 25000 0 -1.362924006
499375 25000 0 -1.352324577
558125 25000 0 -1.343314633
616875 25000 0 -1.336276742
675625 25000 0 -1.331873398
734375 25000 0 -1.331070128
793125 25000 0 -1.335234703
851875 25000 0 -1.346570105
910625 25000 0 -1.366899532
29375 75000 0 -1.436693711
88125 75000 0 -1.432070246
146875 75000 0 -1.42345138
205625 75000 0 -1.411972965
264375 75000 0 -1.398970774
323125 75000 0 -1.385623179
381875 75000 0 -1.372785501
440625 75000 0 -1.361029267
499375 75000 0 -1.350778745
558125 75000 0 -1.342502273
616875 75000 0 -1.336961161
675625 75000 0 -1.335334834
734375 75000 0 -1.339561385
793125 75000 0 -1.35294484
851875 75000 0 -1.375190859
910625 75000 0 -1.391718556
29375 125000 0 -1.433317338
88125 125000 0 -1.42856979
146875 125000 0 -1.419768727
205625 125000 0 -1.408129163
264375 125000 0 -1.39503674
323125 125000 0 -1.381702642
381875 125000 0 -1.369030582
440625 125000 0 -1.357699925
499375 125000 0 -1.348386073
558125 125000 0 -1.342077045
616875 125000 0 -1.340447488
675625 125000 0 -1.34628772
734375 125000 0 -1.364641245
793125 125000 0 -1.391992827
851875 125000 0 -1.404783226
910625 125000 0 -1.400613836
29375 175000 0 -1.428527518
88125 175000 0 -1.423632212
146875 175000 0 -1.414621308
205625 175000 0 -1.402813522
264375 175000 0 -1.389668714
323125 175000 0 -1.376462295
381875 175000 0 -1.364209973
440625 175000 0 -1.35385371
499375 175000 0 -1.346642619
558125 175000 0 -1.344781131
616875 175000 0 -1.351953241
675625 175000 0 -1.375017105
734375 175000 0 -1.406609823
793125 175000 0 -1.415605954
851875 175000 0 -1.413494785
910625 175000 0 -1.418770181
29375 225000 0 -1.422621695
88125 225000 0 -1.41758706
146875 225000 0 -1.408391615
205625 225000 0 -1.396473154
264375 225000 0 -1.383394874
323125 225000 0 -1.370555273
381875 225000 0 -1.359223065
440625 225000 0 -1.350921225
499375 225000 0 -1.348246927
558125 225000 0 -1.355785376
616875 225000 0 -1.381914525
675625 225000 0 -1.417186629
734375 225000 0 -1.42461775
793125 225000 0 -1.429792699
851875 225000 0 -1.44885748
910625 225000 0 -1.476795282
29375 275000 0 -1.41594409
88125 275000 0 -1.410804988
146875 275000 0 -1.401495706
205625 275000 0 -1.389586627
264375 275000 0 -1.376789664
323125 275000 0 -1.364744622
381875 275000 0 -1.355265466
440625 275000 0 -1.351174405
499375 275000 0 -1.357658286
558125 275000 0 -1.384757656
616875 275000 0 -1.422787178
675625 275000 0 -1.432365192
734375 275000 0 -1.447735833
793125 275000 0 -1.485606182
851875 275000 0 -1.539037413
910625 275000 0 -1.601055658
29375 325000 0 -1.408846524
88125 325000 0 -1.403655298
146875 325000 0 -1.394337048
205625 325000 0 -1.382618532
264375 325000 0 -1.370444461
323125 325000 0 -1.359935819
381875 325000 0 -1.354029187
440625 325000 0 -1.358106306
499375 325000 0 -1.383555724
558125 325000 0 -1.424422465
616875 325000 0 -1.437606421
675625 325000 0 -1.462469059
734375 325000 0 -1.51986346
793125 325000 0 -1.602931098
851875 325000 0 -1.704709409
910625 325000 0 -1.816281616
29375 375000 0 -1.401651707
88125 375000 0 -1.396470773
146875 375000 0 -1.387276894
205625 375000 0 -1.376000749
264375 375000 0 -1.364991754
323125 375000 0 -1.357277225
381875 375000 0 -1.358011357
440625 375000 0 -1.378827532
499375 375000 0 -1.420928821
558125 375000 0 -1.439039562
616875 375000 0 -1.4687732
675625 375000 0 -1.541228663
734375 375000 0 -1.651901969
793125 375000 0 -1.795328345
851875 375000 0 -1.96232656
910625 375000 0 -2.138800999
29375 425000 0 -1.394627497
88125 425000 0 -1.389527058
146875 425000 0 -1.380622577
205625 425000 0 -1.370147086
264375 425000 0 -1.361166214
323125 425000 0 -1.358376917
381875 425000 0 -1.372304375
440625 425000 0 -1.412356716
499375 425000 0 -1.436767173
558125 425000 0 -1.464741851
616875 425000 0 -1.543002899
675625 425000 0 -1.672722425
734375 425000 0 -1.851603064
793125 425000 0 -2.072902127
851875 425000 0 -2.32258833
910625 425000 0 -2.581184402
29375 475000 0 -1.387976115
88125 475000 0 -1.38303934
146875 475000 0 -1.374625423
205625 475000 0 -1.36551133
264375 475000 0 -1.359805823
323125 475000 0 -1.366101276
381875 475000 0 -1.398795263
440625 475000 0 -1.431886115
499375 475000 0 -1.45298541
558125 475000 0 -1.525054415
616875 475000 0 -1.660014391
675625 475000 0 -1.860043151
734375 475000 0 -2.123869615
793125 475000 0 -2.441170819
851875 475000 0 -2.793506492
910625 475000 0 -3.155046439
29375 525000 0 -1.381840978
88125 525000 0 -1.377156828
146875 525000 0 -1.369541285
205625 525000 0 -1.362467745
264375 525000 0 -1.362345153
323125 525000 0 -1.383759592
381875 525000 0 -1.423423069
440625 525000 0 -1.439644414
499375 525000 0 -1.493854574
558125 525000 0 -1.617897111
616875 525000 0 -1.819039804
675625 525000 0 -2.103666149
734375 525000 0 -2.468768888
793125 525000 0 -2.901669579
851875 525000 0 -3.378779156
910625 525000 0 -3.864500345
29375 575000 0 -1.376317818
88125 575000 0 -1.371987788
146875 575000 0 -1.365601761
205625 575000 0 -1.361482459
264375 575000 0 -1.370932852
323125 575000 0 -1.406927935
381875 575000 0 -1.430010889
440625 575000 0 -1.46036073
499375 575000 0 -1.558416866
558125 575000 0 -1.739446984
616875 575000 0 -2.017437208
675625 575000 0 -2.399076895
734375 575000 0 -2.881352091
793125 575000 0 -3.449266036
851875 575000 0 -4.07029213
910625 575000 0 -4.692642008
29375 625000 0 -1.371458174
88125 625000 0 -1.367667111
146875 625000 0 -1.362819362
205625 625000 0 -1.363622326
264375 625000 0 -1.386201935
323125 625000 0 -1.422024564
381875 625000 0 -1.435568576
440625 625000 0 -1.497511968
499375 625000 0 -1.640956531
558125 625000 0 -1.885516517
616875 625000 0 -2.248144538
675625 625000 0 -2.736875128
734375 625000 0 -3.349927416
793125 625000 0 -4.066879589
851875 625000 0 -4.838360056
910625 625000 0 -5.585350925
29375 675000 0 -1.367293637
88125 675000 0 -1.364282964
146875 675000 0 -1.361268454
205625 675000 0 -1.369700643
264375 675000 0 -1.402989049
323125 675000 0 -1.424044062
381875 675000 0 -1.450132959
440625 675000 0 -1.545771345
499375 675000 0 -1.736794914
558125 675000 0 -2.04878044
616875 675000 0 -2.500214305
675625 675000 0 -3.102496179
734375 675000 0 -3.853761936
793125 675000 0 -4.721156017
851875 675000 0 -5.624638861
910625 675000 0 -6.438375803
29375 725000 0 -1.363862593
88125 725000 0 -1.361732225
146875 725000 0 -1.361469562
205625 725000 0 -1.379223792
264375 725000 0 -1.415521596
323125 725000 0 -1.42536083
381875 725000 0 -1.472207301
440625 725000 0 -1.600286521
499375 725000 0 -1.839875134
558125 725000 0 -2.21926967
616875 725000 0 -2.759595251
675625 725000 0 -3.47609534
734375 725000 0 -4.362664753
793125 725000 0 -5.36278265
851875 725000 0 -6.343167669
910625 725000 0 -7.09690066
29375 775000 0 -1.361178528
88125 775000 0 -1.359839307
146875 775000 0 -1.363664189
205625 775000 0 -1.389596516
264375 775000 0 -1.418305091
323125 775000 0 -1.430034079
381875 775000 0 -1.497428003
440625 775000 0 -1.656497372
499375 775000 0 -1.942670959
558125 775000 0 -2.385566005
616875 775000 0 -3.010069106
675625 775000 0 -3.833829026
734375 775000 0 -4.840251401
793125 775000 0 -5.934277887
851875 775000 0 -6.897059233
910625 775000 0 -7.38561582
969375 25000 0 -1.387644148
1028125 25000 0 -1.394064836
1086875 25000 0 -1.396215206
1145625 25000 0 -1.397116186
1204375 25000 0 -1.397691691
1263125 25000 0 -1.397781795
1321875 25000 0 -1.396331054
1380625 25000 0 -1.388420295
1439375 25000 0 -1.36625996
1498125 25000 0 -1.346955187
1556875 25000 0 -1.336420486
1615625 25000 0 -1.332615625
1674375 25000 0 -1.333550774
1733125 25000 0 -1.337962362
1791875 25000 0 -1.344942143
1850625 25000 0 -1.353865586
969375 75000 0 -1.391943639
1028125 75000 0 -1.392662179
1086875 75000 0 -1.39535109
1145625 75000 0 -1.397103227
1204375 75000 0 -1.397535721
1263125 75000 0 -1.396588874
1321875 75000 0 -1.394942561
1380625 75000 0 -1.395700824
1439375 75000 0 -1.394562287
1498125 75000 0 -1.37582494
1556875 75000 0 -1.353768387
1615625 75000 0 -1.341068761
1674375 75000 0 -1.337112575
1733125 75000 0 -1.338800407
1791875 75000 0 -1.344292908
1850625 75000 0 -1.352475233
969375 125000 0 -1.399356286
1028125 125000 0 -1.402576919
1086875 125000 0 -1.40659765
1145625 125000 0 -1.409229418
1204375 125000 0 -1.409587325
1263125 125000 0 -1.40771158
1321875 125000 0 -1.404598234
1380625 125000 0 -1.402635928
1439375 125000 0 -1.40525802
1498125 125000 0 -1.409272642
1556875 125000 0 -1.393615727
1615625 125000 0 -1.365976404
1674375 125000 0 -1.34816513
1733125 125000 0 -1.342531508
1791875 125000 0 -1.344161137
1850625 125000 0 -1.350367883
969375 175000 0 -1.429493318
1028125 175000 0 -1.440897911
1086875 175000 0 -1.450189236
1145625 175000 0 -1.455562055
1204375 175000 0 -1.455967533
1263125 175000 0 -1.451395533
1321875 175000 0 -1.442848437
1380625 175000 0 -1.432164469
1439375 175000 0 -1.422265715
1498125 175000 0 -1.417990603
1556875 175000 0 -1.420379422
1615625 175000 0 -1.409286202
1674375 175000 0 -1.376989891
1733125 175000 0 -1.354278198
1791875 175000 0 -1.34721226
1850625 175000 0 -1.348997156
969375 225000 0 -1.50744198
1028125 225000 0 -1.536036124
1086875 225000 0 -1.558242499
1145625 225000 0 -1.570593739
1204375 225000 0 -1.571124683
1263125 225000 0 -1.559769289
1321875 225000 0 -1.538381558
1380625 225000 0 -1.510382729
1439375 225000 0 -1.480149737
1498125 225000 0 -1.452568293
1556875 225000 0 -1.434086788
1615625 225000 0 -1.429276555
1674375 225000 0 -1.420453969
1733125 225000 0 -1.384533439
1791875 225000 0 -1.35853149
1850625 225000 0 -1.35099733
969375 275000 0 -1.664614011
1028125 275000 0 -1.721768786
1086875 275000 0 -1.76500062
1145625 275000 0 -1.788531516
1204375 275000 0 -1.78920702
1263125 275000 0 -1.766954462
1321875 275000 0 -1.724795126
1380625 275000 0 -1.66841099
1439375 275000 0 -1.605286892
1498125 275000 0 -1.543398028
1556875 275000 0 -1.489919992
1615625 275000 0 -1.452167213
1674375 275000 0 -1.436908502
1733125 275000 0 -1.426597994
1791875 275000 0 -1.387866904
1850625 275000 0 -1.360775185
969375 325000 0 -1.926072324
1028125 325000 0 -2.021849775
1086875 325000 0 -2.092732044
1145625 325000 0 -2.130690819
1204375 325000 0 -2.131483943
1263125 325000 0 -2.095043285
1321875 325000 0 -2.025484005
1380625 325000 0 -1.930731235
1439375 325000 0 -1.821593606
1498125 325000 0 -1.710266219
1556875 325000 0 -1.608351843
1615625 325000 0 -1.524901023
1674375 325000 0 -1.46718601
1733125 325000 0 -1.442103216
1791875 325000 0 -1.428324931
1850625 325000 0 -1.387022464
969375 375000 0 -2.307987494
1028125 375000 0 -2.452961334
1086875 375000 0 -2.558970875
1145625 375000 0 -2.615262641
1204375 375000 0 -2.616160229
1263125 375000 0 -2.561588007
1321875 375000 0 -2.457089585
1380625 375000 0 -2.313326107
1439375 375000 0 -2.144993555
1498125 375000 0 -1.968975877
1556875 375000 0 -1.802003814
1615625 375000 0 -1.658194611
1674375 375000 0 -1.546872115
1733125 375000 0 -1.473794464
1791875 375000 0 -1.443553777
1850625 375000 0 -1.424909659
969375 425000 0 -2.825941553
1028125 425000 0 -3.033712299
1086875 425000 0 -3.184400439
1145625 425000 0 -3.263796316
1204375 425000 0 -3.264808536
1263125 425000 0 -3.187344215
1321875 425000 0 -3.038335759
1380625 425000 0 -2.831901337
969375 475000 0 -3.494492541
1028125 475000 0 -3.779817367
1086875 475000 0 -3.984456075
1145625 475000 0 -4.091295325
1204375 475000 0 -4.092465117
1263125 475000 0 -3.987831306
1321875 475000 0 -3.785054252
1380625 475000 0 -3.501158009
969375 525000 0 -4.314617337
1028125 525000 0 -4.685533958
1086875 525000 0 -4.94502663
1145625 525000 0 -5.077338145
1204375 525000 0 -5.078733316
1263125 525000 0 -4.949019939
1321875 525000 0 -4.691628446
1380625 525000 0 -4.322210901
969375 575000 0 -5.253052784
1028125 575000 0 -5.694738265
1086875 575000 0 -5.986674419
1145625 575000 0 -6.128301657
1204375 575000 0 -6.130096045
1263125 575000 0 -5.9917112
1321875 575000 0 -5.70218753
1380625 575000 0 -5.262003194
969375 625000 0 -6.215621868
1028125 625000 0 -6.659605107
1086875 625000 0 -6.905312934
1145625 625000 0 -7.000929444
1204375 625000 0 -7.003343396
1263125 625000 0 -6.912013273
1321875 625000 0 -6.66920846
1380625 625000 0 -6.226606834
969375 675000 0 -7.022865804
1028125 675000 0 -7.29682627
1086875 675000 0 -7.307851315
1145625 675000 0 -7.233545844
1204375 675000 0 -7.237095761
1263125 675000 0 -7.317399559
1321875 675000 0 -7.3098024
1380625 675000 0 -7.036729516
969375 725000 0 -7.398716222
1028125 725000 0 -7.150581105
1086875 725000 0 -6.526998121
1145625 725000 0 -5.996246369
1204375 725000 0 -6.001031924
1263125 725000 0 -6.539909667
1321875 725000 0 -7.167655985
1380625 725000 0 -7.415733402
969375 775000 0 -7.014454965
1028125 775000 0 -5.616618286
1086875 775000 0 -3.552033688
1145625 775000 0 -1.954772965
1204375 775000 0 -1.961735178
1263125 775000 0 -3.569579079
1321875 775000 0 -5.637984489
1380625 775000 0 -7.033699863
1439375 425000 0 -2.588110846
1498125 425000 0 -2.330110103
1556875 425000 0 -2.080630922
1615625 425000 0 -1.859114315
1674375 425000 0 -1.679607221
1733125 425000 0 -1.549015392
1791875 425000 0 -1.46992483
1850625 425000 0 -1.441320327
1439375 475000 0 -3.162717548
1498125 475000 0 -2.801810664
1556875 475000 0 -2.449767628
1615625 475000 0 -2.132399317
1674375 475000 0 -1.86809215
1733125 475000 0 -1.667187376
1791875 475000 0 -1.531162631
1850625 475000 0 -1.458161672
1439375 525000 0 -3.873063843
1498125 525000 0 -3.387913036
1556875 525000 0 -2.911072033
1615625 525000 0 -2.478159322
1674375 525000 0 -2.112705474
1733125 525000 0 -1.827310947
1791875 525000 0 -1.625035276
1850625 525000 0 -1.499800873
1439375 575000 0 -4.702388236
1498125 575000 0 -4.080405735
1556875 575000 0 -3.45950777
1615625 575000 0 -2.891535417
1674375 575000 0 -2.408957685
1733125 575000 0 -2.026658507
1791875 575000 0 -1.747581112
1850625 575000 0 -1.56518919
1439375 625000 0 -5.596705004
1498125 625000 0 -4.849651276
1556875 625000 0 -4.078020237
1615625 625000 0 -3.36088159
1674375 625000 0 -2.747498855
1733125 625000 0 -2.2581599
1791875 625000 0 -1.894521729
1850625 625000 0 -1.64855477
1439375 675000 0 -6.45172967
1498125 675000 0 -5.637193117
1556875 675000 0 -4.733155368
1615625 675000 0 -3.865421893
1674375 675000 0 -3.113773399
1733125 675000 0 -2.510881272
1791875 675000 0 -2.058490352
1850625 675000 0 -1.745123267
1439375 725000 0 -7.1120871
1498125 725000 0 -6.356602833
1556875 725000 0 -5.375294094
1615625 725000 0 -4.374807536
1674375 725000 0 -3.487878185
1733125 725000 0 -2.770764891
1791875 725000 0 -2.22950355
1850625 725000 0 -1.84877463
1439375 775000 0 -7.401225771
1498125 775000 0 -6.910088058
1556875 775000 0 -5.946428987
1615625 775000 0 -4.852398456
1674375 775000 0 -3.845858241
1733125 775000 0 -3.021554089
1791875 775000 0 -2.39613418
1850625 775000 0 -1.951951397
29375 825000 0 -1.359190373
88125 825000 0 -1.358554998
146875 825000 0 -1.367187205
205625 825000 0 -1.398435332
264375 825000 0 -1.417629333
323125 825000 0 -1.437603736
381875 825000 0 -1.522461484
440625 825000 0 -1.709549833
499375 825000 0 -2.037134525
558125 825000 0 -2.53596029
616875 825000 0 -3.234747145
675625 825000 0 -4.15094551
734375 825000 0 -5.250861296
793125 825000 0 -6.385543114
851875 825000 0 -7.212893201
910625 825000 0 -7.180093903
29375 875000 0 -1.357807625
88125 875000 0 -1.357875226
146875 875000 0 -1.371007262
205625 875000 0 -1.404980093
264375 875000 0 -1.4171284
323125 875000 0 -1.445287399
381875 875000 0 -1.544330699
440625 875000 0 -1.75458914
499375 875000 0 -2.115698255
558125 875000 0 -2.659572978
616875 875000 0 -3.418068183
675625 875000 0 -4.405716171
734375 875000 0 -5.568081369
793125 875000 0 -6.692069654
851875 875000 0 -7.28785893
910625 875000 0 -6.521366622
29375 925000 0 -1.356953976
88125 925000 0 -1.357653156
146875 925000 0 -1.374067255
205625 925000 0 -1.409546708
264375 925000 0 -1.417066997
323125 925000 0 -1.451225316
381875 925000 0 -1.560556722
440625 925000 0 -1.787360251
499375 925000 0 -2.172051045
558125 925000 0 -2.747390905
616875 925000 0 -3.547601454
675625 925000 0 -4.582490326
734375 925000 0 -5.779844786
793125 925000 0 -6.863359278
851875 925000 0 -7.210180729
910625 925000 0 -5.662745144
29375 975000 0 -1.356580203
88125 975000 0 -1.357657185
146875 975000 0 -1.375746676
205625 975000 0 -1.411607839
264375 975000 0 -1.417277884
323125 975000 0 -1.454550289
381875 975000 0 -1.569308059
440625 975000 0 -1.804744832
499375 975000 0 -2.201646208
558125 975000 0 -2.793131456
616875 975000 0 -3.614838008
675625 975000 0 -4.672794807
734375 975000 0 -5.885187133
793125 975000 0 -6.934442727
851875 975000 0 -7.120418967
910625 975000 0 -5.044844192
29375 1025000 0 -1.356658157
88125 1025000 0 -1.357738905
146875 1025000 0 -1.375810508
205625 1025000 0 -1.411760822
264375 1025000 0 -1.41752053
323125 1025000 0 -1.454772629
381875 1025000 0 -1.569578836
440625 1025000 0 -1.805103473
499375 1025000 0 -2.202070296
558125 1025000 0 -2.793635057
616875 1025000 0 -3.615403074
675625 1025000 0 -4.673601635
734375 1025000 0 -5.886323963
793125 1025000 0 -6.936960519
851875 1025000 0 -7.12505013
910625 1025000 0 -5.053119136
29375 1075000 0 -1.357185922
88125 1075000 0 -1.357899907
146875 1075000 0 -1.37425998
205625 1075000 0 -1.409888084
264375 1075000 0 -1.417791545
323125 1075000 0 -1.451881045
381875 1075000 0 -1.561350174
440625 1075000 0 -1.788407598
499375 1075000 0 -2.173300344
558125 1075000 0 -2.748848561
616875 1075000 0 -3.549256704
675625 1075000 0 -4.584717581
734375 1075000 0 -5.783032028
793125 1075000 0 -6.869801703
851875 1075000 0 -7.222290472
910625 1075000 0 -5.683456765
29375 1125000 0 -1.358187841
88125 1125000 0 -1.358290383
146875 1125000 0 -1.371336508
205625 1125000 0 -1.405517947
264375 1125000 0 -1.418322017
323125 1125000 0 -1.446344898
381875 1125000 0 -1.545592026
440625 1125000 0 -1.756249201
499375 1125000 0 -2.117696958
558125 1125000 0 -2.661864244
616875 1125000 0 -3.420671638
675625 1125000 0 -4.408974165
734375 1125000 0 -5.572650122
793125 1125000 0 -6.700207892
851875 1125000 0 -7.30271156
910625 1125000 0 -6.545005578
29375 1175000 0 -1.359710072
88125 1175000 0 -1.359135477
146875 1175000 0 -1.367687468
205625 1175000 0 -1.399098887
264375 1175000 0 -1.419225275
323125 1175000 0 -1.439039074
381875 1175000 0 -1.524110392
440625 1175000 0 -1.711712184
499375 1175000 0 -2.039759685
558125 1175000 0 -2.538944012
616875 1175000 0 -3.238089454
675625 1175000 0 -4.154884544
734375 1175000 0 -5.256033487
793125 1175000 0 -6.393615653
851875 1175000 0 -7.226137175
910625 1175000 0 -7.19917033
29375 1225000 0 -1.361827593
88125 1225000 0 -1.360566137
146875 1225000 0 -1.364364749
205625 1225000 0 -1.390356187
264375 1225000 0 -1.420184956
323125 1225000 0 -1.431907569
381875 1225000 0 -1.499389406
440625 1225000 0 -1.659028672
499375 1225000 0 -1.945775345
558125 1225000 0 -2.389093921
616875 1225000 0 -3.013958822
675625 1225000 0 -3.838202996
734375 1225000 0 -4.845557977
793125 1225000 0 -5.941515608
851875 1225000 0 -6.907453749
910625 1225000 0 -7.39911301
29375 1275000 0 -1.364628144
88125 1275000 0 -1.362580415
146875 1275000 0 -1.362386912
205625 1275000 0 -1.380081634
264375 1275000 0 -1.41718394
323125 1275000 0 -1.427683382
381875 1275000 0 -1.474427585
440625 1275000 0 -1.603048998
499375 1275000 0 -1.843301899
558125 1275000 0 -2.2231946
616875 1275000 0 -2.76388459
675625 1275000 0 -3.48076391
734375 1275000 0 -4.367946052
793125 1275000 0 -5.369180436
851875 1275000 0 -6.35118248
910625 1275000 0 -7.106281648
29375 1325000 0 -1.368158507
88125 1325000 0 -1.365236684
146875 1325000 0 -1.362370865
205625 1325000 0 -1.370803323
264375 1325000 0 -1.404332176
323125 1325000 0 -1.426615919
381875 1325000 0 -1.452630219
440625 1325000 0 -1.548650419
499375 1325000 0 -1.740386193
558125 1325000 0 -2.052955569
616875 1325000 0 -2.504785349
675625 1325000 0 -3.107380034
734375 1325000 0 -3.859021879
793125 1325000 0 -4.726975532
851875 1325000 0 -5.631134352
910625 1325000 0 -6.445248621
29375 1375000 0 -1.372404297
88125 1375000 0 -1.368713358
146875 1375000 0 -1.364045561
205625 1375000 0 -1.364955238
264375 1375000 0 -1.387556007
323125 1375000 0 -1.424383853
381875 1375000 0 -1.438400596
440625 1375000 0 -1.500451761
499375 1375000 0 -1.644565511
558125 1375000 0 -1.889790998
616875 1375000 0 -2.252882874
675625 1375000 0 -2.7419139
734375 1375000 0 -3.355202544
793125 1375000 0 -4.072382352
851875 1375000 0 -4.844009211
910625 1375000 0 -5.590840999
29375 1425000 0 -1.377329936
88125 1425000 0 -1.373108095
146875 1425000 0 -1.366910607
205625 1425000 0 -1.362994288
264375 1425000 0 -1.372504316
323125 1425000 0 -1.408777293
381875 1425000 0 -1.432977543
440625 1425000 0 -1.463418819
499375 1425000 0 -1.561938312
558125 1425000 0 -1.743668917
616875 1425000 0 -2.022212993
675625 1425000 0 -2.40419686
734375 1425000 0 -2.886656774
793125 1425000 0 -3.454630064
851875 1425000 0 -4.075540814
910625 1425000 0 -4.697482831
29375 1475000 0 -1.382907283
88125 1475000 0 -1.378332121
146875 1475000 0 -1.370911322
205625 1475000 0 -1.364081021
264375 1475000 0 -1.364143219
323125 1475000 0 -1.385600999
381875 1475000 0 -1.426071792
440625 1475000 0 -1.442857141
499375 1475000 0 -1.49728287
558125 1475000 0 -1.621936701
616875 1475000 0 -1.823704898
675625 1475000 0 -2.10876114
734375 1475000 0 -2.474073415
793125 1475000 0 -2.906981932
851875 1475000 0 -3.383880811
910625 1475000 0 -3.869125279
29375 1525000 0 -1.389087846
88125 1525000 0 -1.384256243
146875 1525000 0 -1.376036683
205625 1525000 0 -1.36717376
264375 1525000 0 -1.36172339
323125 1525000 0 -1.368160218
381875 1525000 0 -1.400985498
440625 1525000 0 -1.434979143
499375 1525000 0 -1.456411487
558125 1525000 0 -1.528857713
616875 1525000 0 -1.664426378
675625 1525000 0 -1.86497023
734375 1525000 0 -2.129089178
793125 1525000 0 -2.446433385
851875 1525000 0 -2.798565311
910625 1525000 0 -3.159654832
29375 1575000 0 -1.395778996
88125 1575000 0 -1.390777379
146875 1575000 0 -1.382058034
205625 1575000 0 -1.371830058
264375 1575000 0 -1.363125151
323125 1575000 0 -1.360578091
381875 1575000 0 -1.374594652
440625 1575000 0 -1.414914304
499375 1575000 0 -1.440134747
558125 1575000 0 -1.468403752
616875 1575000 0 -1.547085044
675625 1575000 0 -1.677330808
734375 1575000 0 -1.85659699
793125 1575000 0 -2.078036288
851875 1575000 0 -2.327596057
910625 1575000 0 -2.585820783
969375 825000 0 -5.597258279
1028125 825000 0 -1.955152214
1086875 825000 0 3.500059624
1145625 825000 0 8.140589975
1204375 825000 0 8.136619932
1263125 825000 0 3.486465071
1321875 825000 0 -1.976692043
1380625 825000 0 -5.616004386
1439375 825000 0 -7.193299676
1498125 825000 0 -7.223156194
1556875 825000 0 -6.395910928
1615625 825000 0 -5.262287119
1674375 825000 0 -4.162852303
1733125 825000 0 -3.246310767
1791875 825000 0 -2.546663388
1850625 825000 0 -2.046595572
969375 875000 0 -3.186607512
1028125 875000 0 4.614218906
1086875 875000 0 18.52328745
1145625 875000 0 31.08982929
1204375 875000 0 31.07559821
1263125 875000 0 18.50609973
1321875 875000 0 4.588529887
1380625 875000 0 -3.207145465
1439375 875000 0 -6.529626651
1498125 875000 0 -7.2927227
1556875 875000 0 -6.699063299
1615625 875000 0 -5.578032981
1674375 875000 0 -4.417094622
1733125 875000 0 -3.429456575
1791875 875000 0 -2.67020858
1850625 875000 0 -2.125146445
969375 925000 0 -0.2968209803
1028125 925000 0 14.11061687
1086875 925000 0 39.50961481
1145625 925000 0 58.67545601
1204375 925000 0 58.57952372
1263125 925000 0 39.32952925
1321875 925000 0 13.99580689
1380625 925000 0 -0.3297508607
1439375 925000 0 -5.664750065
1498125 925000 0 -7.207899536
1556875 925000 0 -6.865981701
1615625 925000 0 -5.787894602
1674375 925000 0 -4.593030392
1733125 925000 0 -3.558605678
1791875 925000 0 -2.75777158
1850625 925000 0 -2.181314497
969375 975000 0 1.826237713
1028125 975000 0 22.07593411
1086875 975000 0 53.95672253
1145625 975000 0 74.70130751
1204375 975000 0 74.5369757
1263125 975000 0 53.5496717
1321875 975000 0 21.74121718
1380625 975000 0 1.762521914
1439375 975000 0 -5.040014775
1498125 975000 0 -7.111611045
1556875 975000 0 -6.932941523
1615625 975000 0 -5.891541466
1674375 975000 0 -4.682399675
1733125 975000 0 -3.625348337
1791875 975000 0 -2.803105631
1850625 975000 0 -2.210584217
969375 1025000 0 1.831949739
1028125 1025000 0 22.14971577
1086875 1025000 0 53.98132452
1145625 1025000 0 74.66752545
1204375 1025000 0 74.47822138
1263125 1025000 0 53.48383319
1321875 1025000 0 21.7051467
1380625 1025000 0 1.753822972
969375 1075000 0 -0.2975776803
1028125 1075000 0 14.21149066
1086875 1075000 0 39.54616644
1145625 1075000 0 58.57214476
1204375 1075000 0 58.39974895
1263125 1075000 0 39.16384329
1321875 1075000 0 13.92109315
1380625 1075000 0 -0.3505167463
969375 1125000 0 -3.204770843
1028125 1125000 0 4.623422781
1086875 1125000 0 18.48229352
1145625 1125000 0 30.9227045
1204375 1125000 0 30.84717574
1263125 1125000 0 18.34538718
1321875 1125000 0 4.525375691
1380625 1125000 0 -3.229376683
969375 1175000 0 -5.61508536
1028125 1175000 0 -1.971610771
1086875 1175000 0 3.456616096
1145625 1175000 0 8.045079162
1204375 1175000 0 8.026408086
1263125 1175000 0 3.413651375
1321875 1175000 0 -2.012510292
1380625 1175000 0 -5.632078606
1439375 1025000 0 -5.043118257
1498125 1025000 0 -7.112519286
1556875 1025000 0 -6.933305047
1615625 1025000 0 -5.891678727
1674375 1025000 0 -4.682477653
1733125 1025000 0 -3.62537969
1791875 1025000 0 -2.803111284
1850625 1025000 0 -2.210566292
1439375 1075000 0 -5.672287503
1498125 1075000 0 -7.210243523
1556875 1075000 0 -6.866888637
1615625 1075000 0 -5.788265606
1674375 1075000 0 -4.593230767
1733125 1075000 0 -3.558688715
1791875 1075000 0 -2.75777834
1850625 1075000 0 -2.181256668
1439375 1125000 0 -6.53796149
1498125 1125000 0 -7.295538689
1556875 1125000 0 -6.700138845
1615625 1125000 0 -5.578519003
1674375 1125000 0 -4.417345579
1733125 1125000 0 -3.429557089
1791875 1125000 0 -2.670192615
1850625 1125000 0 -2.125036607
1439375 1175000 0 -7.199737724
1498125 1175000 0 -7.225510813
1556875 1175000 0 -6.396855159
1615625 1175000 0 -5.262746565
1674375 1175000 0 -4.163083279
1733125 1175000 0 -3.246381348
1791875 1175000 0 -2.546596879
1850625 1175000 0 -2.046416897
969375 1225000 0 -7.028055028
1028125 1225000 0 -5.630821261
1086875 1225000 0 -3.574578844
1145625 1225000 0 -1.989707691
1204375 1225000 0 -2.000790508
1263125 1225000 0 -3.600072903
1321875 1225000 0 -5.656114006
1380625 1225000 0 -7.042782077
1439375 1225000 0 -7.405137068
1498125 1225000 0 -6.911638045
1556875 1225000 0 -5.947105487
1615625 1225000 0 -4.852742577
1674375 1225000 0 -3.846014247
1733125 1225000 0 -3.021553602
1791875 1225000 0 -2.395991306
1850625 1225000 0 -1.951689217
969375 1275000 0 -7.408067925
1028125 1275000 0 -7.160022264
1086875 1275000 0 -6.539285978
1145625 1275000 0 -6.012752802
1204375 1275000 0 -6.018577313
1263125 1275000 0 -6.55374553
1321875 1275000 0 -7.176189885
1380625 1275000 0 -7.420153091
1439375 1275000 0 -7.114078698
1498125 1275000 0 -6.357459401
1556875 1275000 0 -5.375698832
1615625 1275000 0 -4.375007503
1674375 1275000 0 -3.48792705
1733125 1275000 0 -2.770667341
1791875 1275000 0 -2.229266726
1850625 1275000 0 -1.848421945
969375 1325000 0 -7.029380202
1028125 1325000 0 -7.302835305
1086875 1325000 0 -7.314149978
1145625 1325000 0 -7.240482044
1204375 1325000 0 -7.243903952
1263125 1325000 0 -7.322833109
1321875 1325000 0 -7.313232627
1380625 1325000 0 -7.038534417
1439375 1325000 0 -6.452580135
1498125 1325000 0 -5.637587847
1556875 1325000 0 -4.733346021
1615625 1325000 0 -3.865482701
1674375 1325000 0 -3.113705643
1733125 1325000 0 -2.510676507
1791875 1325000 0 -2.058154545
1850625 1325000 0 -1.744684239
969375 1375000 0 -6.220467317
1028125 1375000 0 -6.66358296
1086875 1375000 0 -6.908685875
1145625 1375000 0 -7.00400384
1204375 1375000 0 -7.005997076
1263125 1375000 0 -6.913932494
1321875 1375000 0 -6.670358417
1380625 1375000 0 -6.227207375
1439375 1375000 0 -5.596998364
1498125 1375000 0 -4.849792548
1556875 1375000 0 -4.078064442
1615625 1375000 0 -3.360824893
1674375 1375000 0 -2.747321711
1733125 1375000 0 -2.257852862
1791875 1375000 0 -1.894096311
1850625 1375000 0 -1.648046714
969375 1425000 0 -5.25713065
1028125 1425000 0 -5.697849008
1086875 1425000 0 -5.988881575
1145625 1425000 0 -6.129806698
1204375 1425000 0 -6.131096657
1263125 1425000 0 -5.992340465
1321875 1425000 0 -5.702540203
1380625 1425000 0 -5.262187318
1439375 1425000 0 -4.702484509
1498125 1425000 0 -4.080439163
1556875 1425000 0 -3.459465031
1615625 1425000 0 -2.891390081
1674375 1425000 0 -2.408690345
1733125 1425000 0 -2.026268166
1791875 1425000 0 -1.747090694
1850625 1425000 0 -1.564637703
969375 1475000 0 -4.318493951
1028125 1475000 0 -4.688499144
1086875 1475000 0 -4.947106028
1145625 1475000 0 -5.078701454
1204375 1475000 0 -5.079574231
1263125 1475000 0 -4.949506728
1321875 1475000 0 -4.69190657
1380625 1475000 0 -4.322377522
1439375 1475000 0 -3.873157342
1498125 1475000 0 -3.387929911
1556875 1475000 0 -2.910989912
1615625 1475000 0 -2.477957376
1674375 1475000 0 -2.112377006
1733125 1475000 0 -1.826870751
1791875 1475000 0 -1.624518171
1850625 1475000 0 -1.499221126
969375 1525000 0 -3.498430137
1028125 1525000 0 -3.782949396
1086875 1525000 0 -3.986774477
1145625 1525000 0 -4.09290591
1204375 1525000 0 -4.093539129
1263125 1525000 0 -3.988540142
1321875 1525000 0 -3.785524784
1380625 1525000 0 -3.501467157
1439375 1525000 0 -3.162897569
1498125 1525000 0 -2.80186313
1556875 1525000 0 -2.44968364
1615625 1525000 0 -2.132176014
1674375 1525000 0 -1.86774387
1733125 1525000 0 -1.666745831
1791875 1525000 0 -1.530655335
1850625 1525000 0 -1.457544321
969375 1575000 0 -2.830007699
1028125 1575000 0 -3.037084916
1086875 1575000 0 -3.187053973
1145625 1575000 0 -3.265794693
1204375 1575000 0 -3.266265777
1263125 1575000 0 -3.18838505
1321875 1575000 0 -3.039068012
1380625 1575000 0 -2.832397778
1439375 1575000 0 -2.588409362
1498125 1575000 0 -2.330227373
1556875 1575000 0 -2.080578888
1615625 1575000 0 -1.858914662
1674375 1575000 0 -1.679294449
1733125 1575000 0 -1.548621062
1791875 1575000 0 -1.469403176
1850625 1575000 0 -1.440732945
1909375 25000 0 -1.364375268
1968125 25000 0 -1.376207385
2026875 25000 0 -1.389036297
2085625 25000 0 -1.402329207
2144375 25000 0 -1.415246348
2203125 25000 0 -1.426618202
2261875 25000 0 -1.435129095
2320625 25000 0 -1.439681837
1909375 75000 0 -1.362618188
1968125 75000 0 -1.374275462
2026875 75000 0 -1.387033394
2085625 75000 0 -1.4003238
2144375 75000 0 -1.413289154
2203125 75000 0 -1.424746725
2261875 75000 0 -1.433355388
2320625 75000 0 -1.437974846
1909375 125000 0 -1.359546799
1968125 125000 0 -1.370741512
2026875 125000 0 -1.383295954
2085625 125000 0 -1.39653815
2144375 125000 0 -1.40956475
2203125 125000 0 -1.421161114
2261875 125000 0 -1.429936668
2320625 125000 0 -1.434672282
1909375 175000 0 -1.35604637
1968125 175000 0 -1.366223552
2026875 175000 0 -1.378309086
2085625 175000 0 -1.391377042
2144375 175000 0 -1.404416082
2203125 175000 0 -1.416149557
2261875 175000 0 -1.425113592
2320625 175000 0 -1.429985994
1909375 225000 0 -1.353508975
1968125 225000 0 -1.3615924
2026875 225000 0 -1.372705954
2085625 225000 0 -1.38535366
2144375 225000 0 -1.398278751
2203125 225000 0 -1.410085083
2261875 225000 0 -1.41920759
2320625 225000 0 -1.424206039
1909375 275000 0 -1.35415965
1968125 275000 0 -1.358014495
2026875 275000 0 -1.367227668
2085625 275000 0 -1.379026797
2144375 275000 0 -1.391619059
2203125 275000 0 -1.403373794
2261875 275000 0 -1.4125805
2320625 275000 0 -1.417668344
1909375 325000 0 -1.361467818
1968125 325000 0 -1.357146433
2026875 325000 0 -1.362759363
2085625 325000 0 -1.372971833
2144375 325000 0 -1.384890035
2203125 325000 0 -1.396409525
2261875 325000 0 -1.405593239
2320625 325000 0 -1.410716736
1909375 375000 0 -1.382500419
1968125 375000 0 -1.36147095
2026875 375000 0 -1.360422708
2085625 375000 0 -1.367807441
2144375 375000 0 -1.378512553
2203125 375000 0 -1.389545521
2261875 375000 0 -1.398571634
2320625 375000 0 -1.403667398
1909375 425000 0 -1.416416735
1968125 425000 0 -1.376027776
2026875 425000 0 -1.36180991
2085625 425000 0 -1.36425094
2144375 425000 0 -1.372890577
2203125 425000 0 -1.38308182
2261875 425000 0 -1.391785755
2320625 425000 0 -1.396783134
1909375 475000 0 -1.436451941
1968125 475000 0 -1.402793578
2026875 475000 0 -1.369760415
2085625 475000 0 -1.363120451
2144375 475000 0 -1.368467819
2203125 475000 0 -1.377262559
2261875 475000 0 -1.385446023
2320625 475000 0 -1.390262288
1909375 525000 0 -1.444727669
1968125 525000 0 -1.427891348
2026875 525000 0 -1.387570931
2085625 525000 0 -1.365839022
2144375 525000 0 -1.36560414
2203125 525000 0 -1.372337164
2261875 525000 0 -1.379697268
2320625 525000 0 -1.384245288
1909375 575000 0 -1.465972188
1968125 575000 0 -1.434984435
2026875 575000 0 -1.411006443
2085625 575000 0 -1.374514854
2144375 575000 0 -1.364748188
2203125 575000 0 -1.368531212
2261875 575000 0 -1.374642877
2320625 575000 0 -1.378824983
1909375 625000 0 -1.503661187
1968125 625000 0 -1.440878404
2026875 625000 0 -1.426672086
2085625 625000 0 -1.389837877
2144375 625000 0 -1.36695113
2203125 625000 0 -1.365849761
2261875 625000 0 -1.370412473
2320625 625000 0 -1.374049584
1909375 675000 0 -1.552480704
1968125 675000 0 -1.45566066
2026875 675000 0 -1.429135856
2085625 675000 0 -1.406825016
2144375 675000 0 -1.373025025
2203125 675000 0 -1.36434932
2261875 675000 0 -1.36709231
2320625 675000 0 -1.369946819
1909375 725000 0 -1.607503978
1968125 725000 0 -1.477944395
2026875 725000 0 -1.430586208
2085625 725000 0 -1.419890944
2144375 725000 0 -1.382482239
2203125 725000 0 -1.364528212
2261875 725000 0 -1.364582172
2320625 725000 0 -1.36655113
1909375 775000 0 -1.66410326
1968125 775000 0 -1.503363719
2026875 775000 0 -1.435178819
2085625 775000 0 -1.423187712
2144375 775000 0 -1.392913739
2203125 775000 0 -1.366647328
2261875 775000 0 -1.362702342
2320625 775000 0 -1.363874721
1909375 825000 0 -1.717382121
1968125 825000 0 -1.52853286
2026875 825000 0 -1.442628028
2085625 825000 0 -1.422541017
2144375 825000 0 -1.401830288
2203125 825000 0 -1.370079919
2261875 825000 0 -1.361390122
2320625 825000 0 -1.361868633
1909375 875000 0 -1.762471671
1968125 875000 0 -1.550440283
2026875 875000 0 -1.450216533
2085625 875000 0 -1.421934777
2144375 875000 0 -1.408449831
2203125 875000 0 -1.373808964
2261875 875000 0 -1.360642418
2320625 875000 0 -1.360443529
1909375 925000 0 -1.795123342
1968125 925000 0 -1.566582683
2026875 925000 0 -1.456009641
2085625 925000 0 -1.421652286
2144375 925000 0 -1.412979686
2203125 925000 0 -1.376801048
2261875 925000 0 -1.360327964
2320625 925000 0 -1.35952288
1909375 975000 0 -1.81223834
1968125 975000 0 -1.575130119
2026875 975000 0 -1.459122146
2085625 975000 0 -1.421592925
2144375 975000 0 -1.415187716
2203125 975000 0 -1.378400697
2261875 975000 0 -1.360226566
2320625 975000 0 -1.359059593
1909375 1025000 0 -1.812205173
1968125 1025000 0 -1.57508787
2026875 1025000 0 -1.459075316
2085625 1025000 0 -1.421539025
2144375 1025000 0 -1.415153007
2203125 1025000 0 -1.378374724
2261875 1025000 0 -1.360195195
2320625 1025000 0 -1.35902787
1909375 1075000 0 -1.795021057
1968125 1075000 0 -1.566455769
2026875 1075000 0 -1.455869075
2085625 1075000 0 -1.421491759
2144375 1075000 0 -1.412888473
2203125 1075000 0 -1.376723449
2261875 1075000 0 -1.360234058
2320625 1075000 0 -1.359428651
1909375 1125000 0 -1.762294102
1968125 1125000 0 -1.550228427
2026875 1125000 0 -1.449983086
2085625 1125000 0 -1.421670739
2144375 1125000 0 -1.40830146
2203125 1125000 0 -1.373679433
2261875 1125000 0 -1.360487102
2320625 1125000 0 -1.360289814
1909375 1175000 0 -1.717123229
1968125 1175000 0 -1.528236462
2026875 1175000 0 -1.44230178
2085625 1175000 0 -1.422189298
2144375 1175000 0 -1.401643699
2203125 1175000 0 -1.369894779
2261875 1175000 0 -1.361177028
2320625 1175000 0 -1.3616604
1909375 1225000 0 -1.663760052
1968125 1225000 0 -1.502983064
2026875 1225000 0 -1.434752777
2085625 1225000 0 -1.422777365
2144375 1225000 0 -1.392693362
2203125 1225000 0 -1.366404763
2261875 1225000 0 -1.362438744
2320625 1225000 0 -1.363618109
1909375 1275000 0 -1.607079789
1968125 1275000 0 -1.47748175
2026875 1275000 0 -1.430067494
2085625 1275000 0 -1.419525793
2144375 1275000 0 -1.382228494
2203125 1275000 0 -1.364228102
2261875 1275000 0 -1.364277412
2320625 1275000 0 -1.366253581
1909375 1325000 0 -1.551985243
1968125 1325000 0 -1.45511381
2026875 1325000 0 -1.428570781
2085625 1325000 0 -1.406527602
2144375 1325000 0 -1.372714054
2203125 1325000 0 -1.364001967
2261875 1325000 0 -1.366755238
2320625 1325000 0 -1.369617571
1909375 1375000 0 -1.503105431
1968125 1375000 0 -1.44025287
2026875 1375000 0 -1.426188534
2085625 1375000 0 -1.389542852
2144375 1375000 0 -1.366589542
2203125 1375000 0 -1.365473512
2261875 1375000 0 -1.370052278
2320625 1375000 0 -1.373699129
1909375 1425000 0 -1.465353368
1968125 1425000 0 -1.434348325
2026875 1425000 0 -1.410686103
2085625 1425000 0 -1.374172666
2144375 1425000 0 -1.364351255
2203125 1425000 0 -1.368141849
2261875 1425000 0 -1.374270623
2320625 1425000 0 -1.378463877
1909375 1475000 0 -1.444064348
1968125 1475000 0 -1.42742478
2026875 1475000 0 -1.387285294
2085625 1475000 0 -1.365450514
2144375 1475000 0 -1.365196816
2203125 1475000 0 -1.371947107
2261875 1475000 0 -1.379324997
2320625 1475000 0 -1.383883795
1909375 1525000 0 -1.435885402
1968125 1525000 0 -1.402561732
2026875 1525000 0 -1.369424536
2085625 1525000 0 -1.362720279
2144375 1525000 0 -1.368071306
2203125 1525000 0 -1.376884596
2261875 1525000 0 -1.385084859
2320625 1525000 0 -1.389910288
1909375 1575000 0 -1.416208257
1968125 1575000 0 -1.375786778
2026875 1575000 0 -1.361449457
2085625 1575000 0 -1.363869111
2144375 1575000 0 -1.372520085
2203125 1575000 0 -1.382728288
2261875 1575000 0 -1.39144561
2320625 1575000 0 -1.396449847
29375 1625000 0 -1.402839984
88125 1625000 0 -1.397749564
146875 1625000 0 -1.38872651
205625 1625000 0 -1.377683827
264375 1625000 0 -1.366946747
323125 1625000 0 -1.35950564
381875 1625000 0 -1.360454775
440625 1625000 0 -1.381335181
499375 1625000 0 -1.423777183
558125 1625000 0 -1.442605119
616875 1625000 0 -1.472621118
675625 1625000 0 -1.545436558
734375 1625000 0 -1.656514155
793125 1625000 0 -1.80018366
851875 1625000 0 -1.967180615
910625 1625000 0 -2.143404784
969375 1625000 0 -2.312138866
1028125 1625000 0 -2.4565294
1086875 1625000 0 -2.56190475
1145625 1625000 0 -2.617584515
1204375 1625000 0 -2.617943438
1263125 1625000 0 -2.562924968
1321875 1625000 0 -2.45806432
1380625 1625000 0 -2.314002957
1439375 1625000 0 -2.145417376
1498125 1625000 0 -1.969180979
1556875 1625000 0 -1.80202647
1615625 1625000 0 -1.65807637
1674375 1625000 0 -1.546647307
1733125 1625000 0 -1.473416407
1791875 1625000 0 -1.443031732
1850625 1625000 0 -1.424737793
29375 1675000 0 -1.410069994
88125 1675000 0 -1.40495995
146875 1675000 0 -1.395795659
205625 1675000 0 -1.384289967
264375 1675000 0 -1.372370471
323125 1675000 0 -1.362136098
381875 1675000 0 -1.356482426
440625 1675000 0 -1.360733982
499375 1675000 0 -1.386220388
558125 1675000 0 -1.427564472
616875 1675000 0 -1.441358165
675625 1675000 0 -1.466414614
734375 1675000 0 -1.524035735
793125 1675000 0 -1.607353849
851875 1675000 0 -1.709234948
910625 1675000 0 -1.820700187
969375 1675000 0 -1.930181797
1028125 1675000 0 -2.025499946
1086875 1675000 0 -2.095841972
1145625 1675000 0 -2.133245364
1204375 1675000 0 -2.133515852
1263125 1675000 0 -2.096611612
1321875 1675000 0 -2.026655229
1380625 1675000 0 -1.931567042
1439375 1675000 0 -1.822148649
1498125 1675000 0 -1.710592532
1556875 1675000 0 -1.608499483
1615625 1675000 0 -1.524904296
1674375 1675000 0 -1.466988959
1733125 1675000 0 -1.441677659
1791875 1675000 0 -1.428137706
1850625 1675000 0 -1.387053294
29375 1725000 0 -1.417201023
88125 1725000 0 -1.412133787
146875 1725000 0 -1.402961023
205625 1725000 0 -1.391241472
264375 1725000 0 -1.378674311
323125 1725000 0 -1.366884511
381875 1725000 0 -1.357665672
440625 1725000 0 -1.353796826
499375 1725000 0 -1.360398269
558125 1725000 0 -1.387507616
616875 1725000 0 -1.426099145
675625 1725000 0 -1.436277886
734375 1725000 0 -1.45173594
793125 1725000 0 -1.489622518
851875 1725000 0 -1.543120613
910625 1725000 0 -1.605106095
969375 1725000 0 -1.668485892
1028125 1725000 0 -1.725321095
1086875 1725000 0 -1.768126681
1145625 1725000 0 -1.79117705
1204375 1725000 0 -1.791368749
1263125 1725000 0 -1.76866565
1321875 1725000 0 -1.726108673
1380625 1725000 0 -1.669387232
1439375 1725000 0 -1.605984892
1498125 1725000 0 -1.543868791
1556875 1725000 0 -1.490189521
1615625 1725000 0 -1.452159127
1674375 1725000 0 -1.436615955
1733125 1725000 0 -1.42650998
1791875 1725000 0 -1.388060597
1850625 1725000 0 -1.360774058
29375 1775000 0 -1.423909144
88125 1775000 0 -1.41893801
146875 1775000 0 -1.409862807
205625 1775000 0 -1.398110979
264375 1775000 0 -1.385235062
323125 1775000 0 -1.372623849
381875 1775000 0 -1.361533159
440625 1775000 0 -1.353465741
499375 1775000 0 -1.350974755
558125 1775000 0 -1.358570544
616875 1775000 0 -1.384659873
675625 1775000 0 -1.420347386
734375 1775000 0 -1.428684031
793125 1775000 0 -1.433840528
851875 1775000 0 -1.452702504
910625 1775000 0 -1.48050373
969375 1775000 0 -1.510982882
1028125 1775000 0 -1.53933635
1086875 1775000 0 -1.561216708
1145625 1775000 0 -1.573176639
1204375 1775000 0 -1.57329229
1263125 1775000 0 -1.561535625
1321875 1775000 0 -1.53978444
1380625 1775000 0 -1.51146918
1439375 1775000 0 -1.48095638
1498125 1775000 0 -1.453100348
1556875 1775000 0 -1.434265465
1615625 1775000 0 -1.429147279
1674375 1775000 0 -1.42067986
1733125 1775000 0 -1.384907597
1791875 1775000 0 -1.358705463
1850625 1775000 0 -1.350997698
29375 1825000 0 -1.429841071
88125 1825000 0 -1.425002444
146875 1825000 0 -1.416098061
205625 1825000 0 -1.404436577
264375 1825000 0 -1.391468376
323125 1825000 0 -1.378461265
381875 1825000 0 -1.36642389
440625 1825000 0 -1.356285585
499375 1825000 0 -1.349275082
558125 1825000 0 -1.347549939
616875 1825000 0 -1.354738505
675625 1825000 0 -1.377663101
734375 1825000 0 -1.409609289
793125 1825000 0 -1.419774809
851875 1825000 0 -1.417696745
910625 1825000 0 -1.422575937
969375 1825000 0 -1.432937959
1028125 1825000 0 -1.444026041
1086875 1825000 0 -1.452996702
1145625 1825000 0 -1.458026498
1204375 1825000 0 -1.458087009
1263125 1825000 0 -1.453173008
1321875 1825000 0 -1.444292185
1380625 1825000 0 -1.433278311
29375 1875000 0 -1.434651301
88125 1875000 0 -1.429955375
146875 1875000 0 -1.421250392
205625 1875000 0 -1.409740985
264375 1875000 0 -1.396803653
323125 1875000 0 -1.383643262
381875 1875000 0 -1.371158585
440625 1875000 0 -1.360022739
499375 1875000 0 -1.350897447
558125 1875000 0 -1.344749541
616875 1875000 0 -1.343210537
675625 1875000 0 -1.349011655
734375 1875000 0 -1.367119368
793125 1875000 0 -1.394597854
851875 1875000 0 -1.408849628
910625 1875000 0 -1.404944587
969375 1875000 0 -1.403111823
1028125 1875000 0 -1.405749396
1086875 1875000 0 -1.409358372
1145625 1875000 0 -1.411659961
1204375 1875000 0 -1.411701989
1263125 1875000 0 -1.409496522
1321875 1875000 0 -1.406031019
1380625 1875000 0 -1.403658893
29375 1925000 0 -1.438041487
88125 1925000 0 -1.43346636
146875 1925000 0 -1.424936673
205625 1925000 0 -1.413577308
264375 1925000 0 -1.400714891
323125 1925000 0 -1.387522175
381875 1925000 0 -1.374850466
440625 1925000 0 -1.363267077
499375 1925000 0 -1.35318931
558125 1925000 0 -1.345070348
616875 1925000 0 -1.339649829
675625 1925000 0 -1.338065256
734375 1925000 0 -1.342196225
793125 1925000 0 -1.355231437
851875 1925000 0 -1.377324811
910625 1925000 0 -1.395005933
969375 1925000 0 -1.395865097
1028125 1925000 0 -1.395918058
1086875 1925000 0 -1.398169092
1145625 1925000 0 -1.399609088
1204375 1925000 0 -1.399676894
1263125 1925000 0 -1.398351081
1321875 1925000 0 -1.396306315
1380625 1925000 0 -1.396628777
29375 1975000 0 -1.439793798
88125 1975000 0 -1.435287979
146875 1975000 0 -1.426860713
205625 1975000 0 -1.415593189
264375 1975000 0 -1.402786396
323125 1975000 0 -1.389599797
381875 1975000 0 -1.376866097
440625 1975000 0 -1.365116089
499375 1975000 0 -1.354678181
558125 1975000 0 -1.345820838
616875 1975000 0 -1.338908514
675625 1975000 0 -1.334575681
734375 1975000 0 -1.333746489
793125 1975000 0 -1.337723913
851875 1975000 0 -1.348578613
910625 1975000 0 -1.368238787
969375 1975000 0 -1.38988572
1028125 1975000 0 -1.397245057
1086875 1975000 0 -1.399211908
1145625 1975000 0 -1.399758946
1204375 1975000 0 -1.399874025
1263125 1975000 0 -1.399507311
1321875 1975000 0 -1.397645874
1380625 1975000 0 -1.389581283
1909375 1625000 0 -1.382377761
1968125 1625000 0 -1.361189479
2026875 1625000 0 -1.360086051
2085625 1625000 0 -1.367465168
2144375 1625000 0 -1.378181267
2203125 1625000 0 -1.389226572
2261875 1625000 0 -1.398261275
2320625 1625000 0 -1.403361104
1909375 1675000 0 -1.361306939
1968125 1675000 0 -1.356889501
2026875 1675000 0 -1.362472993
2085625 1675000 0 -1.372684007
2144375 1675000 0 -1.384608043
2203125 1675000 0 -1.396132989
2261875 1675000 0 -1.405319628
2320625 1675000 0 -1.410444158
1909375 1725000 0 -1.35401639
1968125 1725000 0 -1.35781514
2026875 1725000 0 -1.367009146
2085625 1725000 0 -1.378802751
2144375 1725000 0 -1.391392809
2203125 1725000 0 -1.403144826
2261875 1725000 0 -1.412348314
2320625 1725000 0 -1.417433997
1909375 1775000 0 -1.353426807
1968125 1775000 0 -1.361470409
2026875 1775000 0 -1.372562951
2085625 1775000 0 -1.38519711
2144375 1775000 0 -1.398110372
2203125 1775000 0 -1.409905447
2261875 1775000 0 -1.419018387
2320625 1775000 0 -1.424011362
1439375 1825000 0 -1.423021515
1498125 1825000 0 -1.41832487
1556875 1825000 0 -1.420430386
1615625 1825000 0 -1.4097446
1674375 1825000 0 -1.377577183
1733125 1825000 0 -1.354624315
1791875 1825000 0 -1.347378639
1850625 1825000 0 -1.34905701
1909375 1825000 0 -1.356045017
1968125 1825000 0 -1.366183052
2026875 1825000 0 -1.378240905
2085625 1825000 0 -1.391285491
2144375 1825000 0 -1.404302969
2203125 1825000 0 -1.416016831
2261875 1825000 0 -1.424965152
2320625 1825000 0 -1.429828794
1439375 1875000 0 -1.405813442
1498125 1875000 0 -1.409592815
1556875 1875000 0 -1.394408305
1615625 1875000 0 -1.366752234
1674375 1875000 0 -1.348687403
1733125 1875000 0 -1.34287027
1791875 1875000 0 -1.34437748
1850625 1875000 0 -1.350502884
1909375 1875000 0 -1.359623886
1968125 1875000 0 -1.370775213
2026875 1875000 0 -1.383293419
2085625 1875000 0 -1.396502924
2144375 1875000 0 -1.409499231
2203125 1875000 0 -1.421068592
2261875 1875000 0 -1.429823001
2320625 1875000 0 -1.434546929
1439375 1925000 0 -1.395391708
1498125 1925000 0 -1.376837126
1556875 1925000 0 -1.354687149
1615625 1925000 0 -1.341747023
1674375 1925000 0 -1.337613277
1733125 1925000 0 -1.339170872
1791875 1925000 0 -1.344565456
1850625 1925000 0 -1.35267295
1909375 1925000 0 -1.362757206
1968125 1925000 0 -1.374365504
2026875 1925000 0 -1.387079996
2085625 1925000 0 -1.400330326
2144375 1925000 0 -1.413258705
2203125 1925000 0 -1.42468361
2261875 1925000 0 -1.433267087
2320625 1925000 0 -1.437872641
1439375 1975000 0 -1.367436361
1498125 1975000 0 -1.347974368
1556875 1975000 0 -1.337237641
1615625 1975000 0 -1.333263485
1674375 1975000 0 -1.334060313
1733125 1975000 0 -1.338359103
1791875 1975000 0 -1.345248496
1850625 1975000 0 -1.35409896
1909375 1975000 0 -1.364548109
1968125 1975000 0 -1.37632789
2026875 1975000 0 -1.389109356
2085625 1975000 0 -1.402358061
2144375 1975000 0 -1.415234497
2203125 1975000 0 -1.426570662
2261875 1975000 0 -1.435054126
2320625 1975000 0 -1.439591765
