# x y z surface topography
29375 25000 400000 -10.01831217
88125 25000 400000 -10.02629842
146875 25000 400000 -10.03476267
205625 25000 400000 -10.03900191
264375 25000 400000 -10.0467224
323125 25000 400000 -10.06421664
381875 25000 400000 -10.08872825
440625 25000 400000 -10.11734962
499375 25000 400000 -10.14729221
558125 25000 400000 -10.17611865
616875 25000 400000 -10.20578419
675625 25000 400000 -10.2425018
734375 25000 400000 -10.28190835
793125 25000 400000 -10.30987819
851875 25000 400000 -10.33281796
910625 25000 400000 -10.35765843
29375 75000 400000 -10.02235423
88125 75000 400000 -10.02926657
146875 75000 400000 -10.03537173
205625 75000 400000 -10.03774588
264375 75000 400000 -10.04551851
323125 75000 400000 -10.0633478
381875 75000 400000 -10.08794759
440625 75000 400000 -10.11591794
499375 75000 400000 -10.14398371
558125 75000 400000 -10.17102525
616875 75000 400000 -10.20031207
675625 75000 400000 -10.23736515
734375 75000 400000 -10.27300406
793125 75000 400000 -10.29229964
851875 75000 400000 -10.30706014
910625 75000 400000 -10.32301291
29375 125000 400000 -10.03000457
88125 125000 400000 -10.03455863
146875 125000 400000 -10.03640796
205625 125000 400000 -10.03633162
264375 125000 400000 -10.04461527
323125 125000 400000 -10.06312722
381875 125000 400000 -10.08755113
440625 125000 400000 -10.11367419
499375 125000 400000 -10.13889932
558125 125000 400000 -10.16433808
616875 125000 400000 -10.19491309
675625 125000 400000 -10.2316977
734375 125000 400000 -10.2562403
793125 125000 400000 -10.26073731
851875 125000 400000 -10.26321354
910625 125000 400000 -10.26580959
29375 175000 400000 -10.04048397
88125 175000 400000 -10.04132689
146875 175000 400000 -10.03802047
205625 175000 400000 -10.03644981
264375 175000 400000 -10.04591486
323125 175000 400000 -10.06499644
381875 175000 400000 -10.08816388
440625 175000 400000 -10.11161997
499375 175000 400000 -10.13498566
558125 175000 400000 -10.16095752
616875 175000 400000 -10.19493895
675625 175000 400000 -10.22570366
734375 175000 400000 -10.22809624
793125 175000 400000 -10.21499417
851875 175000 400000 -10.20336958
910625 175000 400000 -10.18980317
29375 225000 400000 -10.05281958
88125 225000 400000 -10.0490528
146875 225000 400000 -10.04114517
205625 225000 400000 -10.03956088
264375 225000 400000 -10.05025378
323125 225000 400000 -10.06871724
381875 225000 400000 -10.08968981
440625 225000 400000 -10.11144366
499375 225000 400000 -10.13492912
558125 225000 400000 -10.16468085
616875 225000 400000 -10.19801249
675625 225000 400000 -10.20646698
734375 225000 400000 -10.18056591
793125 225000 400000 -10.1491043
851875 225000 400000 -10.11808365
910625 225000 400000 -10.08185009
29375 275000 400000 -10.06617613
88125 275000 400000 -10.05774288
146875 275000 400000 -10.04687815
205625 275000 400000 -10.04591321
264375 275000 400000 -10.05653436
323125 275000 400000 -10.07324509
381875 275000 400000 -10.09281714
440625 275000 400000 -10.11457784
499375 275000 400000 -10.14114523
558125 275000 400000 -10.17367313
616875 275000 400000 -10.18806409
675625 275000 400000 -10.15758087
734375 275000 400000 -10.10543715
793125 275000 400000 -10.05042092
851875 275000 400000 -9.987258307
910625 275000 400000 -9.914967973
29375 325000 400000 -10.08026023
88125 325000 400000 -10.067929
146875 325000 400000 -10.055297
205625 325000 400000 -10.05400366
264375 325000 400000 -10.06318648
323125 325000 400000 -10.0787981
381875 325000 400000 -10.0984895
440625 325000 400000 -10.12275943
499375 325000 400000 -10.15332361
558125 325000 400000 -10.17183989
616875 325000 400000 -10.14333411
675625 325000 400000 -10.07546103
734375 325000 400000 -9.993950094
793125 325000 400000 -9.898220004
851875 325000 400000 -9.784491056
910625 325000 400000 -9.657563839
29375 375000 400000 -10.0949211
88125 375000 400000 -10.07961874
146875 375000 400000 -10.06505672
205625 375000 400000 -10.06215838
264375 375000 400000 -10.07031087
323125 375000 400000 -10.08621554
381875 375000 400000 -10.10822454
440625 375000 400000 -10.13692933
499375 375000 400000 -10.1581314
558125 375000 400000 -10.13554917
616875 375000 400000 -10.06091086
675625 375000 400000 -9.9576152
734375 375000 400000 -9.830468193
793125 375000 400000 -9.673706984
851875 375000 400000 -9.484792007
910625 375000 400000 -9.266972124
29375 425000 400000 -10.10974685
88125 425000 400000 -10.0918951
146875 425000 400000 -10.07485059
205625 425000 400000 -10.07030765
264375 425000 400000 -10.07869374
323125 425000 400000 -10.09693082
381875 425000 400000 -10.12375747
440625 425000 400000 -10.14721963
499375 425000 400000 -10.13229359
558125 425000 400000 -10.06050782
616875 425000 400000 -9.946522072
675625 425000 400000 -9.796265095
734375 425000 400000 -9.602531555
793125 425000 400000 -9.351610957
851875 425000 400000 -9.03280367
910625 425000 400000 -8.655484235
29375 475000 400000 -10.12474305
88125 475000 400000 -10.10432571
146875 475000 400000 -10.08435678
205625 475000 400000 -10.07910428
264375 475000 400000 -10.0896795
323125 475000 400000 -10.11301471
381875 475000 400000 -10.13805842
440625 475000 400000 -10.13215976
499375 475000 400000 -10.07059878
558125 475000 400000 -9.959674605
616875 475000 400000 -9.800246868
675625 475000 400000 -9.583350433
734375 475000 400000 -9.285424051
793125 475000 400000 -8.874908718
851875 475000 400000 -8.34349511
910625 475000 400000 -7.721455023
29375 525000 400000 -10.13996635
88125 525000 400000 -10.11661968
146875 525000 400000 -10.09386022
205625 525000 400000 -10.08977094
264375 525000 400000 -10.10533226
323125 525000 400000 -10.12949221
381875 525000 400000 -10.13253562
440625 525000 400000 -10.08619952
499375 525000 400000 -9.990219442
558125 525000 400000 -9.838478343
616875 525000 400000 -9.617148729
675625 525000 400000 -9.299520629
734375 525000 400000 -8.832727023
793125 525000 400000 -8.178287684
851875 525000 400000 -7.346378774
910625 525000 400000 -6.396996626
29375 575000 400000 -10.15495765
88125 575000 400000 -10.12842828
146875 575000 400000 -10.10447863
205625 575000 400000 -10.10422635
264375 575000 400000 -10.12192361
323125 575000 400000 -10.13095814
381875 575000 400000 -10.10209326
440625 575000 400000 -10.02802251
499375 575000 400000 -9.899556105
558125 575000 400000 -9.693684355
616875 575000 400000 -9.386293564
675625 575000 400000 -8.914465336
734375 575000 400000 -8.203291508
793125 575000 400000 -7.224930615
851875 575000 400000 -6.015181469
910625 575000 400000 -4.650150836
29375 625000 400000 -10.16969461
88125 625000 400000 -10.14068184
146875 625000 400000 -10.11790458
205625 625000 400000 -10.11932001
264375 625000 400000 -10.12703074
323125 625000 400000 -10.11325796
381875 625000 400000 -10.06419177
440625 625000 400000 -9.967385266
499375 625000 400000 -9.795678658
558125 625000 400000 -9.521923056
616875 625000 400000 -9.093024853
675625 625000 400000 -8.407496628
734375 625000 400000 -7.386300203
793125 625000 400000 -6.020815221
851875 625000 400000 -4.348775431
910625 625000 400000 -2.408301686
29375 675000 400000 -10.18542043
88125 675000 400000 -10.1549353
146875 675000 400000 -10.13105059
205625 675000 400000 -10.12495631
264375 675000 400000 -10.11793052
323125 675000 400000 -10.09162607
381875 675000 400000 -10.02793859
440625 675000 400000 -9.901876081
499375 675000 400000 -9.678373117
558125 675000 400000 -9.320381805
616875 675000 400000 -8.730720517
675625 675000 400000 -7.783109772
734375 675000 400000 -6.407232921
793125 675000 400000 -4.596080136
851875 675000 400000 -2.316224764
910625 675000 400000 0.4820880838
29375 725000 400000 -10.20257441
88125 725000 400000 -10.16772722
146875 725000 400000 -10.13590291
205625 725000 400000 -10.12019331
264375 725000 400000 -10.1072017
323125 725000 400000 -10.07373098
381875 725000 400000 -9.991431239
440625 725000 400000 -9.830869455
499375 725000 400000 -9.551241136
558125 725000 400000 -9.090599192
616875 725000 400000 -8.310031865
675625 725000 400000 -7.073101624
734375 725000 400000 -5.316324268
793125 725000 400000 -2.975615352
851875 725000 400000 0.1280943884
910625 725000 400000 4.141429441
29375 775000 400000 -10.21652457
88125 775000 400000 -10.17327708
146875 775000 400000 -10.13371171
205625 775000 400000 -10.11543415
264375 775000 400000 -10.10022974
323125 775000 400000 -10.05735382
381875 775000 400000 -9.954440032
440625 775000 400000 -9.757912066
499375 775000 400000 -9.419726763
558125 775000 400000 -8.843321329
616875 775000 400000 -7.859392195
675625 775000 400000 -6.329644085
734375 775000 400000 -4.172965921
793125 775000 400000 -1.198597559
851875 775000 400000 2.956564957
910625 775000 400000 8.507773249
969375 25000 400000 -10.38112012
1028125 25000 400000 -10.40004591
1086875 25000 400000 -10.4127549
1145625 25000 400000 -10.41877073
1204375 25000 400000 -10.41811929
1263125 25000 400000 -10.41077629
1321875 25000 400000 -10.39676274
1380625 25000 400000 -10.37681424
1439375 25000 400000 -10.35278747
1498125 25000 400000 -10.32767403
1556875 25000 400000 -10.30478083
1615625 25000 400000 -10.27736322
1674375 25000 400000 -10.23839496
1733125 25000 400000 -10.20176773
1791875 25000 400000 -10.1722385
1850625 25000 400000 -10.14366641
969375 75000 400000 -10.33543033
1028125 75000 400000 -10.34262281
1086875 75000 400000 -10.34538134
1145625 75000 400000 -10.34586313
1204375 75000 400000 -10.34559886
1263125 75000 400000 -10.34444182
1321875 75000 400000 -10.34066506
1380625 75000 400000 -10.33230962
1439375 75000 400000 -10.31897662
1498125 75000 400000 -10.30242027
1556875 75000 400000 -10.28740151
1615625 75000 400000 -10.26843166
1674375 75000 400000 -10.23325099
1733125 75000 400000 -10.19630506
1791875 75000 400000 -10.16710937
1850625 75000 400000 -10.14027177
969375 125000 400000 -10.26375277
1028125 125000 400000 -10.25774572
1086875 125000 400000 -10.25056586
1145625 125000 400000 -10.24570878
1204375 125000 400000 -10.24546749
1263125 125000 400000 -10.24968674
1321875 125000 400000 -10.25588759
1380625 125000 400000 -10.2607142
1439375 125000 400000 -10.26173211
1498125 125000 400000 -10.25839936
1556875 125000 400000 -10.25543838
1615625 125000 400000 -10.25100329
1674375 125000 400000 -10.22708981
1733125 125000 400000 -10.19060616
1791875 125000 400000 -10.16015343
1850625 125000 400000 -10.13494008
969375 175000 400000 -10.17214798
1028125 175000 400000 -10.15316007
1086875 175000 400000 -10.1368841
1145625 175000 400000 -10.12724281
1204375 175000 400000 -10.12662872
1263125 175000 400000 -10.13499276
1321875 175000 400000 -10.14991665
1380625 175000 400000 -10.16759362
1439375 175000 400000 -10.18418008
1498125 175000 400000 -10.19705162
1556875 175000 400000 -10.20824306
1615625 175000 400000 -10.2213129
1674375 175000 400000 -10.21967451
1733125 175000 400000 -10.18966344
1791875 175000 400000 -10.15606705
1850625 175000 400000 -10.13046191
969375 225000 400000 -10.04245456
1028125 225000 400000 -10.00498772
1086875 225000 400000 -9.975253641
1145625 225000 400000 -9.958365486
1204375 225000 400000 -9.957334223
1263125 225000 400000 -9.97219913
1321875 225000 400000 -10.0000419
1380625 225000 400000 -10.03586537
969375 275000 400000 -9.840003011
1028125 275000 400000 -9.771225533
1086875 275000 400000 -9.717955742
1145625 275000 400000 -9.688238369
1204375 275000 400000 -9.68686601
1263125 275000 400000 -9.713928209
1321875 275000 400000 -9.764797312
1380625 275000 400000 -9.831555906
969375 325000 400000 -9.526590005
1028125 325000 400000 -9.405277046
1086875 325000 400000 -9.310429324
1145625 325000 400000 -9.25752745
1204375 325000 400000 -9.255856958
1263125 325000 400000 -9.305529059
1321875 325000 400000 -9.397472262
1380625 325000 400000 -9.516386633
969375 375000 400000 -9.035525698
1028125 375000 400000 -8.818026061
1086875 375000 400000 -8.647414256
1145625 375000 400000 -8.552692616
1204375 375000 400000 -8.550780855
1263125 375000 400000 -8.641773377
1321875 375000 400000 -8.808957342
1380625 375000 400000 -9.023567248
1439375 225000 400000 -10.07399487
1498125 225000 400000 -10.1094525
1556875 225000 400000 -10.14015218
1615625 225000 400000 -10.17162945
1674375 225000 400000 -10.19819204
1733125 225000 400000 -10.19097072
1791875 225000 400000 -10.15854942
1850625 225000 400000 -10.12943861
1439375 275000 400000 -9.904979026
1498125 275000 400000 -9.976288824
1556875 275000 400000 -10.03906392
1615625 275000 400000 -10.09415326
1674375 275000 400000 -10.14685668
1733125 275000 400000 -10.17865479
1791875 275000 400000 -10.16575351
1850625 275000 400000 -10.13432616
1439375 325000 400000 -9.645577402
1498125 325000 400000 -9.771359763
1556875 325000 400000 -9.88457001
1615625 325000 400000 -9.980377209
1674375 325000 400000 -10.06244836
1733125 325000 400000 -10.13147521
1791875 325000 400000 -10.16173336
1850625 325000 400000 -10.14485144
1439375 375000 400000 -9.252883987
1498125 375000 400000 -9.469434652
1556875 375000 400000 -9.657848226
1615625 375000 400000 -9.814706549
1674375 375000 400000 -9.942469476
1733125 375000 400000 -10.04689334
1791875 375000 400000 -10.12320145
1850625 375000 400000 -10.14773492
969375 425000 400000 -8.253984342
1028125 425000 400000 -7.880045337
1086875 425000 400000 -7.589937436
1145625 425000 400000 -7.430615859
1204375 425000 400000 -7.428579619
1263125 425000 400000 -7.583875595
1321875 425000 400000 -7.870137191
1380625 425000 400000 -8.240639029
1439375 425000 400000 -8.639435867
1498125 425000 400000 -9.015090439
1556875 425000 400000 -9.333350508
1615625 425000 400000 -9.58456835
1674375 425000 400000 -9.779078753
1733125 425000 400000 -9.930537361
1791875 425000 400000 -10.0461939
1850625 425000 400000 -10.1199742
969375 475000 400000 -7.072461273
1028125 475000 400000 -6.478666508
1086875 475000 400000 -6.023459132
1145625 475000 400000 -5.775270999
1204375 475000 400000 -5.77323047
1263125 475000 400000 -6.017314954
1321875 475000 400000 -6.46842836
1380625 475000 400000 -7.058336484
1439375 475000 400000 -7.704003458
1498125 475000 400000 -8.323718356
1556875 475000 400000 -8.85416439
1615625 475000 400000 -9.265038561
1674375 475000 400000 -9.564104773
1733125 475000 400000 -9.782414469
1791875 475000 400000 -9.943595929
1850625 475000 400000 -10.05659391
969375 525000 400000 -5.422521127
1028125 525000 400000 -4.532018415
1086875 525000 400000 -3.843048048
1145625 525000 400000 -3.464021479
1204375 525000 400000 -3.462135011
1263125 525000 400000 -3.837224965
1321875 525000 400000 -4.521957971
1380625 525000 400000 -5.408142848
1439375 525000 400000 -6.378700748
1498125 525000 400000 -7.325088968
1556875 525000 400000 -8.155384615
1615625 525000 400000 -8.809859571
1674375 525000 400000 -9.278039799
1733125 525000 400000 -9.597541652
1791875 525000 400000 -9.820789957
1850625 525000 400000 -9.974713305
969375 575000 400000 -3.227107611
1028125 575000 400000 -1.884000983
1086875 575000 400000 -0.8113978862
1145625 575000 400000 -0.2093288223
1204375 575000 400000 -0.2080823087
1263125 575000 400000 -0.8070295536
1321875 575000 400000 -1.875196349
1380625 575000 400000 -3.2131187
1439375 575000 400000 -4.631365715
1498125 575000 400000 -5.992733778
1556875 575000 400000 -7.200295382
1615625 575000 400000 -8.178204297
1674375 575000 400000 -8.890684474
1733125 575000 400000 -9.364847536
1791875 575000 400000 -9.674578569
1850625 575000 400000 -9.882729431
969375 625000 400000 -0.2804160507
1028125 625000 400000 1.826123674
1086875 625000 400000 3.566848722
1145625 625000 400000 4.561819794
1204375 625000 400000 4.561597909
1263125 625000 400000 3.567727239
1321875 625000 400000 1.831343292
1380625 625000 400000 -0.2684257257
1439375 625000 400000 -2.389561808
1498125 625000 400000 -4.325235485
1556875 625000 400000 -5.994612449
1615625 625000 400000 -7.359304636
1674375 625000 400000 -8.38158953
1733125 625000 400000 -9.069697131
1791875 625000 400000 -9.501501851
1850625 625000 400000 -9.777770438
969375 675000 400000 3.712534498
1028125 675000 400000 6.998488232
1086875 675000 400000 9.714515347
1145625 675000 400000 11.2461687
1204375 675000 400000 11.24295816
1263125 675000 400000 9.708112741
1321875 675000 400000 6.996226166
1380625 675000 400000 3.720120367
1439375 675000 400000 0.4998719314
1498125 675000 400000 -2.29153529
1556875 675000 400000 -4.568118381
1615625 675000 400000 -6.378439333
1674375 675000 400000 -7.755331914
1733125 675000 400000 -8.705629099
1791875 675000 400000 -9.298698102
1850625 675000 400000 -9.659635858
969375 725000 400000 8.928900367
1028125 725000 400000 13.95308882
1086875 725000 400000 18.30691302
1145625 725000 400000 20.88793057
1204375 725000 400000 20.87807343
1263125 725000 400000 18.28588011
1321875 725000 400000 13.93742851
1380625 725000 400000 8.929346376
1439375 725000 400000 4.157967472
1498125 725000 400000 0.1542959481
1556875 725000 400000 -2.945398554
1615625 725000 400000 -5.285583977
1674375 725000 400000 -7.043639175
1733125 725000 400000 -8.283415574
1791875 725000 400000 -9.067780356
1850625 725000 400000 -9.531877884
969375 775000 400000 15.47458096
1028125 775000 400000 23.55115145
1086875 775000 400000 31.63216757
1145625 775000 400000 37.00394517
1204375 775000 400000 36.97194071
1263125 775000 400000 31.56439461
1321875 775000 400000 23.5005906
1380625 775000 400000 15.46399134
1439375 775000 400000 8.524865409
1498125 775000 400000 2.985672718
1556875 775000 400000 -1.165238002
1615625 775000 400000 -4.139952534
1674375 775000 400000 -6.298591382
1733125 775000 400000 -7.831529229
1791875 775000 400000 -8.819606294
1850625 775000 400000 -9.399926921
29375 825000 400000 -10.22372427
88125 825000 400000 -10.17500612
146875 825000 400000 -10.13242641
205625 825000 400000 -10.1139087
264375 825000 400000 -10.09483474
323125 825000 400000 -10.04130316
381875 825000 400000 -9.919411536
440625 825000 400000 -9.688608191
499375 825000 400000 -9.292169733
558125 825000 400000 -8.598685174
616875 825000 400000 -7.419680617
675625 825000 400000 -5.614810748
734375 825000 400000 -3.051179874
793125 825000 400000 0.6386218274
851875 825000 400000 5.960535029
910625 825000 400000 13.33753687
29375 875000 400000 -10.22813641
88125 875000 400000 -10.17725101
146875 875000 400000 -10.13315429
205625 875000 400000 -10.11341491
264375 875000 400000 -10.0899335
323125 875000 400000 -10.02683706
381875 875000 400000 -9.889257159
440625 875000 400000 -9.629190365
499375 875000 400000 -9.180004952
558125 875000 400000 -8.382363345
616875 875000 400000 -7.036644505
675625 875000 400000 -4.993644859
734375 875000 400000 -2.050736379
793125 875000 400000 2.353953547
851875 875000 400000 8.764723598
910625 875000 400000 18.21691741
29375 925000 400000 -10.23158662
88125 925000 400000 -10.17944335
146875 925000 400000 -10.13400423
205625 925000 400000 -10.11295216
264375 925000 400000 -10.08599369
323125 925000 400000 -10.01576205
381875 925000 400000 -9.866835781
440625 925000 400000 -9.585408285
499375 925000 400000 -9.095764474
558125 925000 400000 -8.22016037
616875 925000 400000 -6.752682491
675625 925000 400000 -4.531510957
734375 925000 400000 -1.286403184
793125 925000 400000 3.693908356
851875 925000 400000 10.94905637
910625 925000 400000 22.40620324
29375 975000 400000 -10.2333116
88125 975000 400000 -10.18056189
146875 975000 400000 -10.13438169
205625 975000 400000 -10.11253414
264375 975000 400000 -10.08364457
323125 975000 400000 -10.00954821
381875 975000 400000 -9.854563527
440625 975000 400000 -9.561790647
499375 975000 400000 -9.050058386
558125 975000 400000 -8.132741479
616875 975000 400000 -6.600565497
675625 975000 400000 -4.284248188
734375 975000 400000 -0.866631814
793125 975000 400000 4.424688009
851875 975000 400000 12.15595062
910625 975000 400000 24.88144724
29375 1025000 400000 -10.23312346
88125 1025000 400000 -10.18039553
146875 1025000 400000 -10.13422015
205625 1025000 400000 -10.11229395
264375 1025000 400000 -10.08325822
323125 1025000 400000 -10.00899457
381875 1025000 400000 -9.853857854
440625 1025000 400000 -9.56092019
499375 1025000 400000 -9.048979203
558125 1025000 400000 -8.13145003
616875 1025000 400000 -6.599125799
675625 1025000 400000 -4.282600917
734375 1025000 400000 -0.8651283687
793125 1025000 400000 4.426676895
851875 1025000 400000 12.15645629
910625 1025000 400000 24.88408566
29375 1075000 400000 -10.23102725
88125 1075000 400000 -10.17894491
146875 1075000 400000 -10.13352047
205625 1075000 400000 -10.11224019
264375 1075000 400000 -10.08485528
323125 1075000 400000 -10.01413039
381875 1075000 400000 -9.864755742
440625 1075000 400000 -9.582842754
499375 1075000 400000 -9.092593259
558125 1075000 400000 -8.216366132
616875 1075000 400000 -6.748436128
675625 1075000 400000 -4.526759529
734375 1075000 400000 -1.28181726
793125 1075000 400000 3.699266479
851875 1075000 400000 10.95160155
910625 1075000 400000 22.41200665
29375 1125000 400000 -10.22721563
88125 1125000 400000 -10.1764149
146875 1125000 400000 -10.1323468
205625 1125000 400000 -10.11225432
264375 1125000 400000 -10.08810138
323125 1125000 400000 -10.02421294
381875 1125000 400000 -9.885906444
440625 1125000 400000 -9.625062323
499375 1125000 400000 -9.17493293
558125 1125000 400000 -8.376294659
616875 1125000 400000 -7.029818562
675625 1125000 400000 -4.986215046
734375 1125000 400000 -2.043131028
793125 1125000 400000 2.361605355
851875 1125000 400000 8.770556544
910625 1125000 400000 18.22252036
29375 1175000 400000 -10.22247866
88125 1175000 400000 -10.17380449
146875 1175000 400000 -10.13127158
205625 1175000 400000 -10.11232682
264375 1175000 400000 -10.09239646
323125 1175000 400000 -10.03782226
381875 1175000 400000 -9.914945797
440625 1175000 400000 -9.683117483
499375 1175000 400000 -9.285481733
558125 1175000 400000 -8.590682816
616875 1175000 400000 -7.410651826
675625 1175000 400000 -5.605125111
734375 1175000 400000 -3.041129484
793125 1175000 400000 0.6482011638
851875 1175000 400000 5.968865979
910625 1175000 400000 13.34308536
29375 1225000 400000 -10.21508473
88125 1225000 400000 -10.17177402
146875 1225000 400000 -10.13217834
205625 1225000 400000 -10.11342784
264375 1225000 400000 -10.09727738
323125 1225000 400000 -10.05318295
381875 1225000 400000 -9.949052379
440625 1225000 400000 -9.751308033
499375 1225000 400000 -9.411763915
558125 1225000 400000 -8.833810588
616875 1225000 400000 -7.848618687
675625 1225000 400000 -6.318141068
734375 1225000 400000 -4.161176934
793125 1225000 400000 -1.187273024
851875 1225000 400000 2.966267152
910625 1225000 400000 8.514692618
29375 1275000 400000 -10.2010076
88125 1275000 400000 -10.16611834
146875 1275000 400000 -10.13411411
205625 1275000 400000 -10.11778255
264375 1275000 400000 -10.10379201
323125 1275000 400000 -10.06903124
381875 1275000 400000 -9.985342688
440625 1275000 400000 -9.823431884
499375 1275000 400000 -9.542353148
558125 1275000 400000 -9.080045707
616875 1275000 400000 -8.298006448
675625 1275000 400000 -7.060262438
734375 1275000 400000 -5.303301258
793125 1275000 400000 -2.963093173
851875 1275000 400000 0.1389480878
910625 1275000 400000 4.149563817
29375 1325000 400000 -10.1835799
88125 1325000 400000 -10.15318851
146875 1325000 400000 -10.12922235
205625 1325000 400000 -10.12235591
264375 1325000 400000 -10.11415199
323125 1325000 400000 -10.08651562
381875 1325000 400000 -10.021376
440625 1325000 400000 -9.893881926
499375 1325000 400000 -9.668874513
558125 1325000 400000 -9.309226059
616875 1325000 400000 -8.717958468
675625 1325000 400000 -7.769387282
734375 1325000 400000 -6.393379946
793125 1325000 400000 -4.582819289
851875 1325000 400000 -2.304485358
910625 1325000 400000 0.4912475905
29375 1375000 400000 -10.16753925
88125 1375000 400000 -10.13866538
146875 1375000 400000 -10.11595446
205625 1375000 400000 -10.11675521
264375 1375000 400000 -10.12316105
323125 1375000 400000 -10.10789004
381875 1375000 400000 -10.05734118
440625 1375000 400000 -9.959074519
499375 1375000 400000 -9.78584981
558125 1375000 400000 -9.510520963
616875 1375000 400000 -9.080011859
675625 1375000 400000 -8.393342427
734375 1375000 400000 -7.371926627
793125 1375000 400000 -6.007096512
851875 1375000 400000 -4.33648583
910625 1375000 400000 -2.398242223
29375 1425000 400000 -10.15255461
88125 1425000 400000 -10.12616646
146875 1425000 400000 -10.10227808
205625 1425000 400000 -10.10159225
264375 1425000 400000 -10.11821386
323125 1425000 400000 -10.12565778
381875 1425000 400000 -10.09515716
440625 1425000 400000 -10.0195937
499375 1425000 400000 -9.889652569
558125 1425000 400000 -9.682286721
616875 1425000 400000 -9.373409548
675625 1425000 400000 -8.900340927
734375 1425000 400000 -8.188716309
793125 1425000 400000 -7.210909715
851875 1425000 400000 -6.002536565
910625 1425000 400000 -4.639485771
29375 1475000 400000 -10.13735976
88125 1475000 400000 -10.11417681
146875 1475000 400000 -10.09144161
205625 1475000 400000 -10.08696251
264375 1475000 400000 -10.10169196
323125 1475000 400000 -10.1245188
381875 1475000 400000 -10.12584685
440625 1475000 400000 -10.07787924
499375 1475000 400000 -9.980454579
558125 1475000 400000 -9.827287183
616875 1475000 400000 -9.604620707
675625 1475000 400000 -9.285814847
734375 1475000 400000 -8.818355433
793125 1475000 400000 -8.164167487
851875 1475000 400000 -7.333436238
910625 1475000 400000 -6.38587076
29375 1525000 400000 -10.12197616
88125 1525000 400000 -10.10172216
146875 1525000 400000 -10.08177723
205625 1525000 400000 -10.07616817
264375 1525000 400000 -10.08601337
323125 1525000 400000 -10.10828765
381875 1525000 400000 -10.13186286
440625 1525000 400000 -10.12426215
499375 1525000 400000 -10.06118954
558125 1525000 400000 -9.948895782
616875 1525000 400000 -9.788210438
675625 1525000 400000 -9.570277285
734375 1525000 400000 -9.271645697
793125 1525000 400000 -8.861064744
851875 1525000 400000 -8.330433516
910625 1525000 400000 -7.70990231
29375 1575000 400000 -10.10685795
88125 1575000 400000 -10.08914423
146875 1575000 400000 -10.07214161
205625 1575000 400000 -10.0673023
264375 1575000 400000 -10.07504266
323125 1575000 400000 -10.09236071
381875 1575000 400000 -10.11800056
440625 1575000 400000 -10.13997351
499375 1575000 400000 -10.12349581
558125 1575000 400000 -10.05034681
616875 1575000 400000 -9.935139717
675625 1575000 400000 -9.783904951
734375 1575000 400000 -9.589541689
793125 1575000 400000 -9.338425712
851875 1575000 400000 -9.020027405
910625 1575000 400000 -8.643772993
969375 825000 400000 23.56633199
1028125 825000 400000 38.04128569
1086875 825000 400000 55.79168769
1145625 825000 400000 69.227217
1204375 825000 400000 69.12901206
1263125 825000 400000 55.60638693
1321875 825000 400000 37.91676855
1380625 825000 400000 23.53901468
1439375 825000 400000 13.35987133
1498125 825000 400000 5.996046898
1556875 825000 400000 0.6764286129
1615625 825000 400000 -3.015466787
1674375 825000 400000 -5.582255107
1733125 825000 400000 -7.390881581
1791875 825000 400000 -8.574399044
1850625 825000 400000 -9.27218007
969375 875000 400000 33.36605704
1028125 875000 400000 59.85771175
1086875 875000 400000 97.07496129
1145625 875000 400000 127.3952214
1204375 875000 400000 127.0979749
1263125 875000 400000 96.5979542
1321875 875000 400000 59.59718286
1380625 875000 400000 33.33019163
1439375 875000 400000 18.25305831
1498125 875000 400000 8.81249733
1556875 875000 400000 2.397270854
1615625 875000 400000 -2.011807763
1674375 875000 400000 -4.959886977
1733125 875000 400000 -7.007251588
1791875 875000 400000 -8.357901149
1850625 875000 400000 -9.160129807
969375 925000 400000 43.4817223
1028125 925000 400000 85.92049555
1086875 925000 400000 149.6020082
1145625 925000 400000 201.7849467
1204375 925000 400000 201.0807679
1263125 925000 400000 148.5994777
1321875 925000 400000 85.47837941
1380625 925000 400000 43.46036086
1439375 925000 400000 22.47469809
1498125 925000 400000 11.01102921
1556875 925000 400000 3.744125246
1615625 925000 400000 -1.244697431
1674375 925000 400000 -4.496925432
1733125 925000 400000 -6.723168282
1791875 925000 400000 -8.195972967
1850625 925000 400000 -9.076336463
969375 975000 400000 50.30333012
1028125 975000 400000 105.1022283
1086875 975000 400000 188.7931153
1145625 975000 400000 252.9626561
1204375 975000 400000 252.0511273
1263125 975000 400000 187.5717122
1321875 975000 400000 104.6695496
1380625 975000 400000 50.35093763
1439375 975000 400000 24.99160127
1498125 975000 400000 12.2292471
1556875 975000 400000 4.481284699
1615625 975000 400000 -0.8234114222
1674375 975000 400000 -4.249432418
1733125 975000 400000 -6.571550105
1791875 975000 400000 -8.109306548
1850625 975000 400000 -9.03142765
969375 1025000 400000 50.29939159
1028125 1025000 400000 105.1704016
1086875 1025000 400000 189.2538524
1145625 1025000 400000 254.0806365
1204375 1025000 400000 253.6680446
1263125 1025000 400000 188.8461575
1321875 1025000 400000 105.2038778
1380625 1025000 400000 50.47637578
1439375 1025000 400000 25.01249834
1498125 1025000 400000 12.23811213
1556875 1025000 400000 4.484605333
1615625 1025000 400000 -0.8214218449
1674375 1025000 400000 -4.248761924
1733125 1025000 400000 -6.571238036
1791875 1025000 400000 -8.109248459
1850625 1025000 400000 -9.031488243
969375 1075000 400000 43.47626635
1028125 1075000 400000 86.05743381
1086875 1075000 400000 150.4918793
1145625 1075000 400000 204.0476433
1204375 1075000 400000 204.217951
1263125 1075000 400000 150.9623696
1321875 1075000 400000 86.49348141
1380625 1075000 400000 43.71832162
1439375 1075000 400000 22.53084071
1498125 1075000 400000 11.03291579
1556875 1075000 400000 3.75413685
1615625 1075000 400000 -1.239839967
1674375 1075000 400000 -4.494952192
1733125 1075000 400000 -6.722370604
1791875 1075000 400000 -8.195831782
1850625 1075000 400000 -9.076533954
969375 1125000 400000 33.36536304
1028125 1125000 400000 59.94558565
1086875 1125000 400000 97.66728561
1145625 1125000 400000 128.973034
1204375 1125000 400000 129.2690937
1263125 1125000 400000 98.23660689
1321875 1125000 400000 60.34277879
1380625 1125000 400000 33.55067855
1439375 1125000 400000 18.32097883
1498125 1125000 400000 8.840318666
1556875 1125000 400000 2.411367968
1615625 1125000 400000 -2.005665285
1674375 1125000 400000 -4.957099987
1733125 1125000 400000 -7.006203579
1791875 1125000 400000 -8.357782884
1850625 1125000 400000 -9.160503352
969375 1175000 400000 23.56831533
1028125 1175000 400000 38.06461426
1086875 1175000 400000 55.98396278
1145625 1175000 400000 69.76240236
1204375 1175000 400000 69.89432377
1263125 1175000 400000 56.23837939
1321875 1175000 400000 38.2476848
1380625 1175000 400000 23.66942423
1439375 1175000 400000 13.41672116
1498125 1175000 400000 6.023996644
1556875 1175000 400000 0.6902205172
1615625 1175000 400000 -3.009125538
1674375 1175000 400000 -5.579362221
1733125 1175000 400000 -7.389833886
1791875 1175000 400000 -8.574442197
1850625 1175000 400000 -9.272776792
969375 1225000 400000 15.47803921
1028125 1225000 400000 23.55736934
1086875 1225000 400000 31.67111988
1145625 1225000 400000 37.10613599
1204375 1225000 400000 37.13536939
1263125 1225000 400000 31.73833142
1321875 1225000 400000 23.62660492
1380625 1225000 400000 15.53693742
1439375 1225000 400000 8.566182924
1498125 1225000 400000 3.008278944
1556875 1225000 400000 -1.1539542
1615625 1225000 400000 -4.134413947
1674375 1225000 400000 -6.296030553
1733125 1225000 400000 -7.830763501
1791875 1225000 400000 -8.819930284
1850625 1225000 400000 -9.400776854
969375 1275000 400000 8.934134593
1028125 1275000 400000 13.95870751
1086875 1275000 400000 18.32447103
1145625 1275000 400000 20.92968149
1204375 1275000 400000 20.94184435
1263125 1275000 400000 18.35470921
1321875 1275000 400000 13.995785
1380625 1275000 400000 8.972079849
1439375 1275000 400000 4.185338226
1498125 1275000 400000 0.1698469451
1556875 1275000 400000 -2.937095842
1615625 1275000 400000 -5.281276413
1674375 1275000 400000 -7.041728462
1733125 1275000 400000 -8.283125769
1791875 1275000 400000 -9.068457063
1850625 1275000 400000 -9.532978187
969375 1325000 400000 3.71892166
1028125 1325000 400000 7.004077731
1086875 1325000 400000 9.722960039
1145625 1325000 400000 11.26057538
1204375 1325000 400000 11.26574166
1263125 1325000 400000 9.737971404
1321875 1325000 400000 7.026352639
1380625 1325000 400000 3.744109944
1439375 1325000 400000 0.5160694181
1498125 1325000 400000 -2.281676209
1556875 1325000 400000 -4.562436452
1615625 1325000 400000 -6.375424207
1674375 1325000 400000 -7.754249464
1733125 1325000 400000 -8.70589452
1791875 1325000 400000 -9.299722397
1850625 1325000 400000 -9.66095145
969375 1375000 400000 -0.2729706988
1028125 1375000 400000 1.831788151
1086875 1375000 400000 3.57322976
1145625 1375000 400000 4.571830061
1204375 1375000 400000 4.575673304
1263125 1375000 400000 3.583649917
1321875 1375000 400000 1.846536011
1380625 1375000 400000 -0.2558968098
1439375 1375000 400000 -2.38049069
1498125 1375000 400000 -4.319217716
1556875 1375000 400000 -5.990953506
1615625 1375000 400000 -7.357542935
1674375 1375000 400000 -8.381337057
1733125 1375000 400000 -9.070470851
1791875 1375000 400000 -9.50279627
1850625 1375000 400000 -9.779242434
969375 1425000 400000 -3.218750838
1028125 1425000 400000 -1.877655898
1086875 1425000 400000 -0.8061071934
1145625 1425000 400000 -0.2039476655
1204375 1425000 400000 -0.2016551098
1263125 1425000 400000 -0.7995012874
1321875 1425000 400000 -1.867620926
1380625 1425000 400000 -3.206539231
1439375 1425000 400000 -4.626219425
1498125 1425000 400000 -5.989126967
1556875 1425000 400000 -7.198209213
1615625 1425000 400000 -8.177517917
1674375 1425000 400000 -8.8911143
1733125 1425000 400000 -9.365979415
1791875 1425000 400000 -9.67602814
1850625 1425000 400000 -9.8842836
969375 1475000 400000 -5.413497349
1028125 1475000 400000 -4.525000424
1086875 1475000 400000 -3.837510038
1145625 1475000 400000 -3.459191073
1204375 1475000 400000 -3.457497611
1263125 1475000 400000 -3.832680649
1321875 1475000 400000 -4.51762273
1380625 1475000 400000 -5.404287905
1439375 1475000 400000 -6.37563768
1498125 1475000 400000 -7.323038601
1556875 1475000 400000 -8.154443241
1615625 1475000 400000 -8.809945034
1674375 1475000 400000 -9.278894758
1733125 1475000 400000 -9.598838265
1791875 1475000 400000 -9.82228528
1850625 1475000 400000 -9.976260832
969375 1525000 400000 -7.062814409
1028125 1525000 400000 -6.470957618
1086875 1525000 400000 -6.01742088
1145625 1525000 400000 -5.770469731
1204375 1525000 400000 -5.769210949
1263125 1525000 400000 -6.013776404
1321875 1525000 400000 -6.465306103
1380625 1525000 400000 -7.055726948
1439375 1525000 400000 -7.702073552
1498125 1525000 400000 -8.322613633
1556875 1525000 400000 -8.853914082
1615625 1525000 400000 -9.265524856
1674375 1525000 400000 -9.565105727
1733125 1525000 400000 -9.783715566
1791875 1525000 400000 -9.945052961
1850625 1525000 400000 -10.058059
969375 1575000 400000 -8.24382319
1028125 1575000 400000 -7.871628554
1086875 1575000 400000 -7.583183202
1145625 1575000 400000 -7.425258841
1204375 1575000 400000 -7.424296727
1263125 1575000 400000 -7.580404991
1321875 1575000 400000 -7.867344359
1380625 1575000 400000 -8.238515188
1439375 1575000 400000 -8.638027511
1498125 1575000 400000 -9.01442002
1556875 1575000 400000 -9.333361669
1615625 1575000 400000 -9.585125237
1674375 1575000 400000 -9.78002759
1733125 1575000 400000 -9.931758919
1791875 1575000 400000 -10.04754628
1850625 1575000 400000 -10.12130082
1909375 25000 400000 -10.11386727
1968125 25000 400000 -10.08527608
2026875 25000 400000 -10.06078443
2085625 25000 400000 -10.04329925
2144375 25000 400000 -10.03561314
2203125 25000 400000 -10.03150575
2261875 25000 400000 -10.02316017
2320625 25000 400000 -10.01520832
1909375 75000 400000 -10.11236441
1968125 75000 400000 -10.08446888
2026875 75000 400000 -10.05992018
2085625 75000 400000 -10.04212912
2144375 75000 400000 -10.0344025
2203125 75000 400000 -10.03211923
2261875 75000 400000 -10.02608067
2320625 75000 400000 -10.01917963
1909375 125000 400000 -10.10992814
1968125 125000 400000 -10.0839479
2026875 125000 400000 -10.05963042
2085625 125000 400000 -10.04121438
2144375 125000 400000 -10.03301977
2203125 125000 400000 -10.03316274
2261875 125000 400000 -10.03129938
2320625 125000 400000 -10.02670475
1909375 175000 400000 -10.10746328
1968125 175000 400000 -10.08427908
2026875 175000 400000 -10.06129728
2085625 175000 400000 -10.04237874
2144375 175000 400000 -10.03307916
2203125 175000 400000 -10.03475564
2261875 175000 400000 -10.03799039
2320625 175000 400000 -10.03703313
1909375 225000 400000 -10.10655846
1968125 225000 400000 -10.08530707
2026875 225000 400000 -10.06468075
2085625 225000 400000 -10.04645492
2144375 225000 400000 -10.03599793
2203125 225000 400000 -10.03777666
2261875 225000 400000 -10.04563603
2320625 225000 400000 -10.04922265
1909375 275000 400000 -10.10865638
1968125 275000 400000 -10.08767574
2026875 275000 400000 -10.06870852
2085625 275000 400000 -10.05239456
2144375 275000 400000 -10.04206134
2203125 275000 400000 -10.04329174
2261875 275000 400000 -10.05420587
2320625 275000 400000 -10.06244656
1909375 325000 400000 -10.11557213
1968125 325000 400000 -10.0923753
2026875 325000 400000 -10.0735672
2085625 325000 400000 -10.05861235
2144375 325000 400000 -10.04984199
2203125 325000 400000 -10.05143286
2261875 325000 400000 -10.06419826
2320625 325000 400000 -10.07638967
1909375 375000 400000 -10.12828732
1968125 375000 400000 -10.10100287
2026875 375000 400000 -10.08014871
2085625 375000 400000 -10.06515643
2144375 375000 400000 -10.05764127
2203125 375000 400000 -10.06091682
2261875 375000 400000 -10.07565982
2320625 375000 400000 -10.09090249
1909375 425000 400000 -10.13697477
1968125 425000 400000 -10.11532994
2026875 425000 400000 -10.08996296
2085625 425000 400000 -10.07287595
2144375 425000 400000 -10.06533997
2203125 425000 400000 -10.07040371
2261875 425000 400000 -10.08768974
2320625 425000 400000 -10.10555422
1909375 475000 400000 -10.12033557
1968125 475000 400000 -10.12836033
2026875 475000 400000 -10.10511305
2085625 475000 400000 -10.08318329
2144375 475000 400000 -10.07365708
2203125 475000 400000 -10.07958613
2261875 475000 400000 -10.09984192
2320625 475000 400000 -10.12028875
1909375 525000 400000 -10.07298014
1968125 525000 400000 -10.12160519
2026875 525000 400000 -10.1206512
2085625 525000 400000 -10.0981688
2144375 525000 400000 -10.08386098
2203125 525000 400000 -10.08877149
2261875 525000 400000 -10.11187884
2320625 525000 400000 -10.1352474
1909375 575000 400000 -10.01360423
1968125 575000 400000 -10.09005961
2026875 575000 400000 -10.12122503
2085625 575000 400000 -10.11412958
2144375 575000 400000 -10.09789147
2203125 575000 400000 -10.0991076
2261875 575000 400000 -10.12348108
2320625 575000 400000 -10.1500227
1909375 625000 400000 -9.951987983
1968125 625000 400000 -10.05123102
2026875 625000 400000 -10.10273439
2085625 625000 400000 -10.11866527
2144375 625000 400000 -10.11260903
2203125 625000 400000 -10.11230105
2261875 625000 400000 -10.13556769
2320625 625000 400000 -10.16458887
1909375 675000 400000 -9.885731757
1968125 675000 400000 -10.01428327
2026875 675000 400000 -10.08047278
2085625 675000 400000 -10.10908491
2144375 675000 400000 -10.11792607
2203125 675000 400000 -10.12524991
2261875 675000 400000 -10.14969639
2320625 675000 400000 -10.18020757
1909375 725000 400000 -9.814220518
1968125 725000 400000 -9.97735554
2026875 725000 400000 -10.06213942
2085625 725000 400000 -10.09800782
2144375 725000 400000 -10.11294914
2203125 725000 400000 -10.129948
2261875 725000 400000 -10.16237554
2320625 725000 400000 -10.19728334
1909375 775000 400000 -9.741034251
1968125 775000 400000 -9.940205675
2026875 775000 400000 -10.04552074
2085625 775000 400000 -10.0908364
2144375 775000 400000 -10.10810265
2203125 775000 400000 -10.12771292
2261875 775000 400000 -10.16784424
2320625 775000 400000 -10.21113883
1909375 825000 400000 -9.67178632
1968125 825000 400000 -9.905241769
2026875 825000 400000 -10.02943789
2085625 825000 400000 -10.08539894
2144375 825000 400000 -10.10658851
2203125 825000 400000 -10.12648297
2261875 825000 400000 -10.16960535
2320625 825000 400000 -10.21830802
1909375 875000 400000 -9.612684059
1968125 875000 400000 -9.875354624
2026875 875000 400000 -10.01515426
2085625 875000 400000 -10.08061466
2144375 875000 400000 -10.10619177
2203125 875000 400000 -10.12731953
2261875 875000 400000 -10.17195883
2320625 875000 400000 -10.22278885
1909375 925000 400000 -9.569456897
1968125 925000 400000 -9.853399207
2026875 925000 400000 -10.00446041
2085625 925000 400000 -10.0769387
2144375 925000 400000 -10.10591227
2203125 925000 400000 -10.12832212
2261875 925000 400000 -10.17429962
2320625 925000 400000 -10.22637881
1909375 975000 400000 -9.546620115
1968125 975000 400000 -9.841784335
2026875 975000 400000 -9.998792714
2085625 975000 400000 -10.07498045
2144375 975000 400000 -10.10575687
2203125 975000 400000 -10.12889639
2261875 975000 400000 -10.17560908
2320625 975000 400000 -10.22830324
1909375 1025000 400000 -9.546728009
1968125 1025000 400000 -9.841907067
2026875 1025000 400000 -9.998911991
2085625 1025000 400000 -10.07508864
2144375 1025000 400000 -10.10584809
2203125 1025000 400000 -10.12897182
2261875 1025000 400000 -10.175675
2320625 1025000 400000 -10.22836811
1909375 1075000 400000 -9.569784855
1968125 1075000 400000 -9.8537656
2026875 1075000 400000 -10.00481569
2085625 1075000 400000 -10.07725869
2144375 1075000 400000 -10.10618242
2203125 1075000 400000 -10.12854571
2261875 1075000 400000 -10.17449469
2320625 1075000 400000 -10.22657074
1909375 1125000 400000 -9.613239859
1968125 1125000 400000 -9.875959343
2026875 1125000 400000 -10.01573624
2085625 1125000 400000 -10.08113481
2144375 1125000 400000 -10.10663058
2203125 1125000 400000 -10.12768122
2261875 1125000 400000 -10.17227195
2320625 1125000 400000 -10.22309671
1909375 1175000 400000 -9.672573595
1968125 1175000 400000 -9.906075013
2026875 1175000 400000 -10.03023086
2085625 1175000 400000 -10.08610067
2144375 1175000 400000 -10.10717552
2203125 1175000 400000 -10.1269583
2261875 1175000 400000 -10.1700106
2320625 1175000 400000 -10.21871867
1909375 1225000 400000 -9.742047891
1968125 1225000 400000 -9.941247933
2026875 1225000 400000 -10.04649893
2085625 1225000 400000 -10.09168662
2144375 1225000 400000 -10.10879674
2203125 1225000 400000 -10.12826729
2261875 1225000 400000 -10.16833666
2320625 1225000 400000 -10.21166304
1909375 1275000 400000 -9.815441394
1968125 1275000 400000 -9.978573504
2026875 1275000 400000 -10.06325657
2085625 1275000 400000 -10.09894883
2144375 1275000 400000 -10.11370782
2203125 1275000 400000 -10.13058945
2261875 1275000 400000 -10.16298717
2320625 1275000 400000 -10.19791404
1909375 1325000 400000 -9.887121835
1968125 1325000 400000 -10.01562475
2026875 1325000 400000 -10.08165613
2085625 1325000 400000 -10.11006479
2144375 1325000 400000 -10.11876964
2203125 1325000 400000 -10.1260145
2261875 1325000 400000 -10.15038669
2320625 1325000 400000 -10.18087649
1909375 1375000 400000 -9.95348502
1968125 1375000 400000 -10.05261577
2026875 1375000 400000 -10.10392378
2085625 1375000 400000 -10.11970495
2144375 1375000 400000 -10.11356278
2203125 1375000 400000 -10.11312344
2261875 1375000 400000 -10.13626473
2320625 1375000 400000 -10.1652559
1909375 1425000 400000 -10.01512011
1968125 1425000 400000 -10.09141928
2026875 1425000 400000 -10.12243841
2085625 1425000 400000 -10.11524689
2144375 1425000 400000 -10.09886236
2203125 1425000 400000 -10.09990476
2261875 1425000 400000 -10.12416222
2320625 1425000 400000 -10.15067897
1909375 1475000 400000 -10.07443865
1968125 1475000 400000 -10.1229424
2026875 1475000 400000 -10.12189288
2085625 1475000 400000 -10.09925618
2144375 1475000 400000 -10.08476022
2203125 1475000 400000 -10.089519
2261875 1475000 400000 -10.1125365
2320625 1475000 400000 -10.135877
1909375 1525000 400000 -10.12171344
1968125 1525000 400000 -10.1296544
2026875 1525000 400000 -10.10626356
2085625 1525000 400000 -10.08414757
2144375 1525000 400000 -10.07446393
2203125 1525000 400000 -10.08027451
2261875 1525000 400000 -10.10045352
2320625 1525000 400000 -10.12086856
1909375 1575000 400000 -10.13822175
1968125 1575000 400000 -10.11646017
2026875 1575000 400000 -10.09093205
2085625 1575000 400000 -10.07369853
2144375 1575000 400000 -10.06604847
2203125 1575000 400000 -10.07102256
2261875 1575000 400000 -10.08823626
2320625 1575000 400000 -10.10607249
29375 1625000 400000 -10.09195963
88125 1625000 400000 -10.07674465
146875 1625000 400000 -10.0622307
205625 1625000 400000 -10.05910612
264375 1625000 400000 -10.06672239
323125 1625000 400000 -10.08182998
381875 1625000 400000 -10.10283033
440625 1625000 400000 -10.13030627
499375 1625000 400000 -10.15010431
558125 1625000 400000 -10.12618238
616875 1625000 400000 -10.05036607
675625 1625000 400000 -9.946084464
734375 1625000 400000 -9.81831013
793125 1625000 400000 -9.661345851
851875 1625000 400000 -9.472664446
910625 1625000 400000 -9.255554883
29375 1675000 400000 -10.07726714
88125 1675000 400000 -10.06496875
146875 1675000 400000 -10.05236587
205625 1675000 400000 -10.0508978
264375 1675000 400000 -10.05966377
323125 1675000 400000 -10.07462305
381875 1675000 400000 -10.09346021
440625 1675000 400000 -10.11670161
499375 1675000 400000 -10.14607201
558125 1675000 400000 -10.16335383
616875 1675000 400000 -10.13374895
675625 1675000 400000 -10.06491765
734375 1675000 400000 -9.982718449
793125 1675000 400000 -9.886715727
851875 1675000 400000 -9.773139005
910625 1675000 400000 -9.646745203
29375 1725000 400000 -10.06314628
88125 1725000 400000 -10.05472761
146875 1725000 400000 -10.04388277
205625 1725000 400000 -10.04276252
264375 1725000 400000 -10.05304117
323125 1725000 400000 -10.06925319
381875 1725000 400000 -10.08814393
440625 1725000 400000 -10.10905551
499375 1725000 400000 -10.13463356
558125 1725000 400000 -10.16608901
616875 1725000 400000 -10.17947948
675625 1725000 400000 -10.14812873
734375 1725000 400000 -10.09527913
793125 1725000 400000 -10.03988736
851875 1725000 400000 -9.976748834
910625 1725000 400000 -9.904850949
29375 1775000 400000 -10.04972596
88125 1775000 400000 -10.0459871
146875 1775000 400000 -10.03812171
205625 1775000 400000 -10.03640637
264375 1775000 400000 -10.04678123
323125 1775000 400000 -10.06483949
381875 1775000 400000 -10.08530803
440625 1775000 400000 -10.10640086
499375 1775000 400000 -10.12908699
558125 1775000 400000 -10.15795069
616875 1775000 400000 -10.19040897
675625 1775000 400000 -10.19811932
734375 1775000 400000 -10.17158194
793125 1775000 400000 -10.13969332
851875 1775000 400000 -10.10857684
910625 1775000 400000 -10.07258467
29375 1825000 400000 -10.03730867
88125 1825000 400000 -10.03819508
146875 1825000 400000 -10.03497389
205625 1825000 400000 -10.03332685
264375 1825000 400000 -10.04249679
323125 1825000 400000 -10.06119524
381875 1825000 400000 -10.08396031
440625 1825000 400000 -10.10694352
499375 1825000 400000 -10.12969537
558125 1825000 400000 -10.15495731
616875 1825000 400000 -10.18821083
675625 1825000 400000 -10.21833707
734375 1825000 400000 -10.22022115
793125 1825000 400000 -10.20673619
851875 1825000 400000 -10.19496629
910625 1825000 400000 -10.1815393
29375 1875000 400000 -10.0267485
88125 1875000 400000 -10.03134579
146875 1875000 400000 -10.03332006
205625 1875000 400000 -10.03324904
264375 1875000 400000 -10.04127766
323125 1875000 400000 -10.05942169
381875 1875000 400000 -10.08345676
440625 1875000 400000 -10.10920488
499375 1875000 400000 -10.13399655
558125 1875000 400000 -10.15887995
616875 1875000 400000 -10.18885781
675625 1875000 400000 -10.22509179
734375 1875000 400000 -10.24919781
793125 1875000 400000 -10.25337765
851875 1875000 400000 -10.25570778
910625 1875000 400000 -10.25839195
29375 1925000 400000 -10.01903617
88125 1925000 400000 -10.02597991
146875 1925000 400000 -10.03223224
205625 1925000 400000 -10.03469152
264375 1925000 400000 -10.04225379
323125 1925000 400000 -10.05974364
381875 1925000 400000 -10.08396063
440625 1925000 400000 -10.11155655
499375 1925000 400000 -10.13928457
558125 1925000 400000 -10.16589649
616875 1925000 400000 -10.19468034
675625 1925000 400000 -10.23124665
734375 1925000 400000 -10.26646035
793125 1925000 400000 -10.28542712
851875 1925000 400000 -10.29999207
910625 1925000 400000 -10.31594226
29375 1975000 400000 -10.01496225
88125 1975000 400000 -10.02297088
146875 1975000 400000 -10.03158929
205625 1975000 400000 -10.03595604
264375 1975000 400000 -10.04349926
323125 1975000 400000 -10.06067467
381875 1975000 400000 -10.08481846
440625 1975000 400000 -10.11304414
499375 1975000 400000 -10.14265569
558125 1975000 400000 -10.17113118
616875 1975000 400000 -10.20034424
675625 1975000 400000 -10.23660213
734375 1975000 400000 -10.27557979
793125 1975000 400000 -10.3031769
851875 1975000 400000 -10.3258396
910625 1975000 400000 -10.3505535
969375 1625000 400000 -9.025255378
1028125 1625000 400000 -8.809180178
1086875 1625000 400000 -8.640060769
1145625 1625000 400000 -8.546727103
1204375 1625000 400000 -8.546018695
1263125 1625000 400000 -8.638030247
1321875 1625000 400000 -8.80609525
1380625 1625000 400000 -9.021505276
1439375 1625000 400000 -9.251571592
1498125 1625000 400000 -9.468807908
1556875 1625000 400000 -9.657807624
1615625 1625000 400000 -9.815139067
1674375 1625000 400000 -9.943284697
1733125 1625000 400000 -10.04797595
1791875 1625000 400000 -10.12435012
1850625 1625000 400000 -10.14881717
1909375 1625000 400000 -10.12928624
1968125 1625000 400000 -10.10189328
2026875 1625000 400000 -10.08092508
2085625 1625000 400000 -10.06583738
2144375 1625000 400000 -10.05824635
2203125 1625000 400000 -10.06145499
2261875 1625000 400000 -10.0761363
2320625 1625000 400000 -10.09137245
969375 1675000 400000 -9.516639531
1028125 1675000 400000 -9.396449558
1086875 1675000 400000 -9.302863657
1145625 1675000 400000 -9.251237147
1204375 1675000 400000 -9.250760176
1263125 1675000 400000 -9.301500166
1321875 1675000 400000 -9.394393052
1380625 1675000 400000 -9.51415792
1439375 1675000 400000 -9.644107764
1498125 1675000 400000 -9.770555001
1556875 1675000 400000 -9.884328315
1615625 1675000 400000 -9.980605767
1674375 1675000 400000 -10.0630659
1733125 1675000 400000 -10.13229732
1791875 1675000 400000 -10.16252478
1850625 1675000 400000 -10.14559103
1909375 1675000 400000 -10.11627783
1968125 1675000 400000 -10.09302713
2026875 1675000 400000 -10.07416118
2085625 1675000 400000 -10.0591568
2144375 1675000 400000 -10.05034667
2203125 1675000 400000 -10.05188476
2261875 1675000 400000 -10.06460566
2320625 1675000 400000 -10.07681683
969375 1725000 400000 -9.830583071
1028125 1725000 400000 -9.762723667
1086875 1725000 400000 -9.710506407
1145625 1725000 400000 -9.681890662
1204375 1725000 400000 -9.681599737
1263125 1725000 400000 -9.709676574
1321875 1725000 400000 -9.761474572
1380625 1725000 400000 -9.829073525
1439375 1725000 400000 -9.903249251
1498125 1725000 400000 -9.975214564
1556875 1725000 400000 -10.0385364
1615625 1725000 400000 -10.0940997
1674375 1725000 400000 -10.14716116
1733125 1725000 400000 -10.17904486
1791875 1725000 400000 -10.16611945
1850625 1725000 400000 -10.13473178
1909375 1725000 400000 -10.10909407
1968125 1725000 400000 -10.08811553
2026875 1725000 400000 -10.06913713
2085625 1725000 400000 -10.05281408
2144375 1725000 400000 -10.04246933
2203125 1725000 400000 -10.04366266
2261875 1725000 400000 -10.0545544
2320625 1725000 400000 -10.06282802
969375 1775000 400000 -10.03371728
1028125 1775000 400000 -9.996991068
1086875 1775000 400000 -9.96812525
1145625 1775000 400000 -9.952154293
1204375 1775000 400000 -9.952035632
1263125 1775000 400000 -9.967783326
1321875 1775000 400000 -9.996470155
1380625 1775000 400000 -10.03308833
1439375 1775000 400000 -10.07194023
1498125 1775000 400000 -10.10802123
1556875 1775000 400000 -10.1392599
1615625 1775000 400000 -10.17122329
1674375 1775000 400000 -10.19806332
1733125 1775000 400000 -10.19087508
1791875 1775000 400000 -10.15855042
1850625 1775000 400000 -10.12957477
1909375 1775000 400000 -10.10677877
1968125 1775000 400000 -10.08557136
2026875 1775000 400000 -10.064968
2085625 1775000 400000 -10.04676981
2144375 1775000 400000 -10.03632817
2203125 1775000 400000 -10.03808885
2261875 1775000 400000 -10.04593998
2320625 1775000 400000 -10.04955223
969375 1825000 400000 -10.16428055
1028125 1825000 400000 -10.14587857
1086875 1825000 400000 -10.13028121
1145625 1825000 400000 -10.12133034
1204375 1825000 400000 -10.12139377
1263125 1825000 400000 -10.13044335
1321875 1825000 400000 -10.14608031
1380625 1825000 400000 -10.16448375
1439375 1825000 400000 -10.18176207
1498125 1825000 400000 -10.19525146
1556875 1825000 400000 -10.20702377
1615625 1825000 400000 -10.22056483
1674375 1825000 400000 -10.21909329
1733125 1825000 400000 -10.18921049
1791875 1825000 400000 -10.15583778
1850625 1825000 400000 -10.13041459
1909375 1825000 400000 -10.10752882
1968125 1825000 400000 -10.08440782
2026875 1825000 400000 -10.06148354
2085625 1825000 400000 -10.04262901
2144375 1825000 400000 -10.0333698
2203125 1825000 400000 -10.03503602
2261875 1825000 400000 -10.03825275
2320625 1825000 400000 -10.03730259
969375 1875000 400000 -10.25665943
1028125 1875000 400000 -10.25114536
1086875 1875000 400000 -10.24450332
1145625 1875000 400000 -10.24013613
1204375 1875000 400000 -10.24034646
1263125 1875000 400000 -10.24506094
1321875 1875000 400000 -10.25187358
1380625 1875000 400000 -10.25740634
1439375 1875000 400000 -10.2591254
1498125 1875000 400000 -10.25643389
1556875 1875000 400000 -10.25405918
1615625 1875000 400000 -10.25001402
1674375 1875000 400000 -10.22624717
1733125 1875000 400000 -10.19000406
1791875 1875000 400000 -10.15982822
1850625 1875000 400000 -10.13479973
1909375 1875000 400000 -10.10989122
1968125 1875000 400000 -10.08399424
2026875 1875000 400000 -10.059775
2085625 1875000 400000 -10.04145067
2144375 1875000 400000 -10.03331042
2203125 1875000 400000 -10.03342595
2261875 1875000 400000 -10.03151654
2320625 1875000 400000 -10.02691315
969375 1925000 400000 -10.32858472
1028125 1925000 400000 -10.336196
1086875 1925000 400000 -10.33944734
1145625 1925000 400000 -10.34039514
1204375 1925000 400000 -10.3405798
1263125 1925000 400000 -10.33993322
1321875 1925000 400000 -10.33680532
1380625 1925000 400000 -10.3291846
1439375 1925000 400000 -10.31654177
1498125 1925000 400000 -10.30059673
1556875 1925000 400000 -10.28607313
1615625 1925000 400000 -10.26736896
1674375 1925000 400000 -10.23237824
1733125 1925000 400000 -10.19572047
1791875 1925000 400000 -10.16678241
1850625 1925000 400000 -10.1400897
1909375 1925000 400000 -10.11227131
1968125 1925000 400000 -10.08449782
2026875 1925000 400000 -10.06007534
2085625 1925000 400000 -10.04238828
2144375 1925000 400000 -10.03471534
2203125 1925000 400000 -10.03236921
2261875 1925000 400000 -10.02625587
2320625 1925000 400000 -10.01933846
969375 1975000 400000 -10.37409284
1028125 1975000 400000 -10.39332797
1086875 1975000 400000 -10.40653496
1145625 1975000 400000 -10.41315358
1204375 1975000 400000 -10.41316368
1263125 1975000 400000 -10.40654459
1321875 1975000 400000 -10.39330798
1380625 1975000 400000 -10.37409387
1439375 1975000 400000 -10.35068062
1498125 1975000 400000 -10.32609137
1556875 1975000 400000 -10.30359368
1615625 1975000 400000 -10.27635913
1674375 1975000 400000 -10.23758597
1733125 1975000 400000 -10.20124496
1791875 1975000 400000 -10.17193703
1850625 1975000 400000 -10.14345648
1909375 1975000 400000 -10.11375442
1968125 1975000 400000 -10.08531952
2026875 1975000 400000 -10.06096318
2085625 1975000 400000 -10.0435848
2144375 1975000 400000 -10.03594426
2203125 1975000 400000 -10.03174705
2261875 1975000 400000 -10.02331004
2320625 1975000 400000 -10.01533956
